991.3784 157.2484 -292.456
987.5 144.6806 -288.7552
999.754 146.6024 -293.741
973.6498 133.0632 -282.7828
968.0043 137.1032 -298.0463
970.9355 146.3443 -307.963
955.9625 127.8818 -302.3166
945.0814 120.8784 -292.9051
927.0101 113.2053 -286.3923
906.4404 114.8431 -268.9937
903.4435 136.6557 -251.1518
923.1887 141.3382 -244.8263
942.4492 144.9429 -239.9477
955.3271 137.624 -248.4714
957.5515 119.5218 -260.2793
975.1575 132.3675 -259.1614
987.4758 142.4093 -238.0579
955.6707 155.4074 -214.1056
924.3006 168.2345 -188.8063
883.6437 157.261 -183.8379
841.0283 147.0985 -183.7522
802.1586 152.4731 -171.9846
764.6758 159.9501 -154.7351
758.5336 176.0635 -138.5728
781.1313 164.5721 -154.3368
786.0955 165.1944 -144.3437
727.9531 158.6135 -145.6019
678.7584 145.355 -143.744
661.9158 121.5527 -158.8114
642.9429 98.21787 -173.5801
622.462 80.27123 -184.0864
592.1727 77.37484 -178.3347
578.2215 95.5341 -158.5702
576.6282 117.422 -137.5813
548.1405 113.4487 -134.0445
557.3262 90.71745 -161.0167
545.7435 91.48248 -174.6112
529.5085 93.18969 -182.5173
525.0831 117.8278 -180.8104
531.9037 138.7278 -190.1182
538.6805 154.8173 -181.0752
542.8779 163.0972 -164.2557
544.1002 161.7453 -143.9109
546.4448 174.0753 -145.376
543.5408 152.897 -123.8045
565.1002 157.3163 -122.4712
585.4194 161.444 -118.6688
614.1873 160.7979 -122.2436
625.6216 176.8254 -115.4984
635.931 192.8035 -108.2642
646.6196 190.9913 -111.575
642.4055 209.4987 -99.59978
648.2996 225.1896 -109.4969
659.3293 227.3309 -112.0633
650.3682 240.1212 -118.825
647.5292 252.5075 -120.3085
656.599 245.9414 -128.6741
642.3972 209.3344 -80.77232
601.3508 196.8573 -77.40012
568.0072 176.3233 -87.76638
578.0439 181.0578 -78.8948
573.4766 155.5196 -99.09851
541.0856 147.8855 -95.51035
518.3109 130.3767 -109.577
482.3843 113.1075 -113.2016
454.2262 118.2673 -97.27269
425.7125 124.3414 -84.7928
413.7249 151.5941 -61.20724
376.9614 143.4883 -62.29486
371.6516 168.6667 -57.81521
369.5069 193.5325 -52.36842
370.1279 216.7964 -44.37721
373.3639 237.3996 -33.13472
379.0432 253.9214 -18.27058
369.168 266.9881 -6.950511
360.6651 278.4594 6.322295
357.8544 277.6661 25.23643
352.0561 288.0281 28.86382
359.4181 270.0426 41.8899
362.645 260.8786 56.7942
400.3189 279.1121 68.55884
410.8968 270.9818 50.9284
423.1874 260.924 33.28472
428.8697 251.3062 13.87775
413.9399 257.2154 0.47134
396.895 258.6104 -10.90753
397.5761 268.959 -17.91438
418.2342 267.4277 -4.081622
447.2054 237.4215 7.752582
455.4692 212.5175 -16.10274
434.9548 182.8267 -39.80794
436.7698 191.4511 -47.04806
477.7503 190.5724 -39.16235
455.9431 185.4065 -30.74431
463.8853 182.9938 -22.28202
431.1681 181.2104 -26.12374
433.6734 177.197 -14.98311
405.7101 178.5926 -28.02358
383.7227 188.1675 -15.85107
404.3869 165.8216 -47.99104
422.3549 139.8266 -86.28807
387.5347 112.5511 -102.8657
358.1937 76.76689 -111.8219
366.334 98.48611 -91.39292
397.8745 94.44389 -100.7044
412.0297 99.32243 -101.2496
403.8482 75.21038 -119.7914
415.2374 55.08027 -139.6246
426.7715 64.52274 -134.9738
436.4445 75.31155 -129.972
426.1355 88.90549 -111.8865
449.9965 96.23008 -108.3724
473.6792 105.1402 -106.0048
496.9408 116.8131 -106.2284
466.8959 88.85294 -132.3016
482.5141 77.68053 -156.4436
498.0713 58.38169 -175.5681
514.9777 46.60942 -190.7019
501.3977 43.44724 -187.376
496.0906 27.64447 -196.7683
498.9758 18.64575 -202.2462
476.5064 4.403268 -206.1671
501.9332 -18.48712 -232.4698
466.7378 -51.59318 -247.135
447.2335 -86.63611 -268.7186
457.7712 -117.0562 -294.3228
483.4879 -122.2067 -305.5062
477.1863 -141.057 -318.4536
461.8618 -160.3288 -328.6384
466.441 -169.2654 -337.8814
490.4444 -165.2609 -344.0399
510.9724 -145.7064 -334.2661
493.1918 -136.3042 -320.2851
542.0201 -134.3953 -335.1727
542.8832 -133.0281 -345.6551
572.6686 -122.6899 -334.8749
601.6786 -93.29194 -321.225
574.588 -82.31511 -302.2429
539.7581 -89.04492 -297.0319
544.8859 -71.96878 -290.2289
541.1042 -70.88478 -300.7841
551.187 -54.99516 -280.3831
555.5148 -38.16249 -273.8227
580.7346 -35.74689 -286.7948
607.0532 -35.72446 -297.686
607.8997 -43.34527 -306.3406
634.2303 -40.35573 -293.7799
611.9711 -25.73756 -270.9534
616.0165 -46.40376 -284.6908
584.4113 -59.59682 -285.4464
558.1239 -48.6206 -271.2789
533.9598 -33.31369 -256.0625
525.9125 -30.5474 -262.0937
588.46 -69.92117 -281.5907
649.2589 -46.7394 -295.0527
681.388 -44.25579 -305.796
706.1166 -28.12071 -300.8142
721.9338 -19.35094 -302.7868
737.1173 -8.450146 -299.9821
754.0883 -12.04333 -301.687
793.0462 9.706028 -293.7132
816.3105 39.79428 -278.8967
855.9998 33.71555 -299.562
882.5944 18.19182 -319.6242
867.9966 5.057781 -329.2859
843.2948 -16.37156 -339.8643
849.1694 -21.86387 -348.3691
816.5967 -35.87886 -347.7552
788.3306 -53.35474 -352.2124
759.6871 -70.32545 -355.9499
726.4603 -61.72802 -336.3188
735.682 -38.31124 -319.3198
715.6414 -48.37724 -323.8324
694.4653 -58.60022 -324.4617
688.5814 -80.94346 -341.9997
692.0828 -97.97418 -357.8929
688.7228 -97.6858 -368.5753
695.9841 -114.8649 -371.2892
701.5202 -144.1172 -393.9838
708.5903 -171.8604 -417.2111
721.2578 -193.2016 -435.1015
699.084 -208.5071 -439.4928
687.6633 -225.6924 -448.1291
661.8036 -240.5995 -451.5607
656.8838 -264.3366 -467.0441
630.0953 -283.651 -470.928
635.3499 -291.8779 -478.007
601.2894 -299.9068 -472.0652
605.5462 -314.9545 -484.2465
601.4377 -319.573 -496.1319
615.3442 -320.0492 -491.7535
606.3661 -328.3194 -483.4647
569.6691 -306.5679 -465.3631
537.6943 -309.2293 -456.1232
538.9908 -320.6653 -461.8466
505.3437 -305.9651 -444.4056
470.9432 -303.3299 -431.4831
431.4934 -317.3916 -427.7413
394.5146 -333.0344 -425.7098
370.5151 -356.6408 -433.5851
344.8143 -377.6104 -439.1223
348.789 -392.7806 -451.5971
350.9864 -404.3039 -465.2231
353.8599 -416.7897 -468.7158
350.8601 -406.4788 -477.8777
353.3489 -403.1069 -448.5834
315.4321 -389.7339 -436.8015
314.8179 -399.0504 -443.3533
285.8828 -399.4027 -432.6916
286.2528 -408.8258 -439.4952
256.1298 -406.1348 -426.2891
256.8928 -415.7184 -433.0898
226.2147 -409.8398 -417.7897
196.2242 -410.3682 -406.9857
194.2968 -414.0991 -418.492
198.7115 -422.2239 -406.0316
166.6769 -406.1542 -393.2824
162.7946 -380.6087 -375.0632
200.0518 -360.1165 -375.0337
203.4091 -368.1406 -381.951
236.6059 -338.2534 -373.7032
239.393 -346.6583 -380.5703
272.4743 -314.7355 -370.9186
266.1422 -291.0555 -353.3193
297.819 -269.1362 -349.3701
332.313 -262.2846 -356.6534
367.9551 -240.7894 -354.1012
366.3408 -217.8901 -337.9402
390.2334 -203.3993 -336.6919
412.5583 -185.6374 -335.3266
443.3034 -175.8555 -334.6075
450.0344 -146.7163 -314.0888
446.1154 -154.2383 -307.4161
436.3286 -208.0614 -354.594
406.3977 -232.9993 -361.7901
417.497 -254.1095 -380.5112
438.0182 -263.5248 -393.6437
443.726 -271.1541 -399.7781
468.1424 -257.4826 -399.7196
479.9288 -230.0443 -384.7132
505.2615 -212.1314 -380.8636
486.0839 -204.6247 -370.4819
464.4952 -214.7336 -369.0576
488.8357 -183.7997 -361.1213
489.5027 -181.7062 -376.6939
482.5847 -180.3774 -387.0815
496.8567 -180.2832 -386.6566
538.8126 -199.8262 -383.3144
552.6035 -175.3262 -368.4048
555.7665 -174.3269 -379.4864
563.9494 -149.4833 -352.0969
573.6689 -153.1449 -356.0533
558.6107 -184.5201 -364.4827
563.1185 -209.4074 -400.545
587.5166 -215.5353 -417.684
584.7497 -213.5089 -432.9291
582.3121 -211.7316 -446.9948
580.2159 -210.2542 -459.0369
613.6333 -222.8073 -428.3379
639.1072 -230.2733 -437.9852
661.9609 -212.5008 -432.1251
659.6198 -220.4329 -436.7982
679.9244 -209.3992 -434.8512
685.2213 -194.7299 -426.368
608.642 -248.1254 -439.7341
609.4965 -252.1044 -451.195
576.3857 -261.5376 -439.0144
543.6571 -272.582 -436.922
532.8195 -286.4289 -445.7366
519.0934 -299.2912 -448.8169
515.9879 -307.7211 -458.1654
535.7406 -286.7538 -457.3867
513.5358 -275.8382 -428.9244
507.8545 -276.3231 -438.1456
483.9591 -278.6232 -419.7408
578.0894 -271.3322 -444.3727
613.1973 -259.0352 -436.8028
617.2446 -219.888 -438.1518
564.4576 -222.0081 -399.9321
566.1296 -233.4059 -398.2912
419.0611 -278.674 -397.7699
408.3416 -271.7504 -390.39
392.6555 -285.1983 -396.1685
387.0771 -283.3429 -406.3451
379.0851 -299.6225 -398.7647
350.2154 -310.0055 -395.2052
371.0353 -323.9351 -411.5806
366.2438 -326.9248 -422.2732
371.1389 -335.7571 -409.0465
313.1684 -306.5717 -379.8158
323.0218 -284.9684 -368.9994
323.6541 -290.1395 -378.6329
404.302 -296.2 -404.7352
417.0545 -308.1171 -418.1216
414.8237 -313.4923 -428.5007
394.0695 -175.2316 -334.3995
378.6612 -167.6774 -319.001
374.277 -165.1854 -328.7754
363.9594 -160.2589 -301.8429
370.4203 -137.8056 -284.196
376.1058 -115.2035 -266.4634
340.2278 -116.248 -254.6778
308.1139 -123.1074 -248.5914
291.4738 -146.8259 -261.9031
264.2681 -166.8348 -264.4659
237.4331 -185.107 -267.9629
211.3066 -203.3481 -270.7651
175.7634 -202.8566 -256.6072
172.0039 -198.1759 -265.1223
140.4389 -202.5576 -242.0351
144.5163 -224.3917 -259.6251
152.8947 -243.8838 -277.5685
160.2722 -260.5998 -286.4284
166.8563 -269.5522 -302.5169
178.1916 -285.5514 -319.356
172.7763 -288.722 -328.1946
190.7467 -300.6481 -334.8486
228.955 -293.3143 -342.5032
234.9937 -277.012 -333.448
240.1033 -257.337 -322.6618
234.9912 -252.1964 -331.1247
246.5323 -238.7111 -310.3262
271.835 -242.7504 -322.576
297.2794 -246.0602 -333.6405
320.2597 -226.7984 -328.969
318.3974 -231.1271 -338.538
343.2108 -206.8788 -323.1232
344.4644 -178.3626 -304.7209
329.5212 -160.3968 -285.9862
326.9537 -144.5347 -275.8796
322.0491 -129.7497 -261.6782
320.6363 -123.1113 -270.9548
313.7707 -147.5691 -270.4185
324.4011 -107.0288 -243.2127
315.7884 -83.29113 -220.1941
342.2592 -59.2725 -210.3689
337.3684 -37.62168 -192.6008
368.3627 -25.26454 -193.5097
387.1588 -20.55654 -204.1919
379.828 -15.25488 -217.9921
374.2753 -18.68698 -228.6879
376.0982 -5.322732 -224.8642
389.3691 -29.87897 -198.0052
409.6977 -16.62855 -207.2728
419.3967 -27.46089 -221.1489
428.9754 -40.05635 -231.8648
436.9169 -53.80341 -238.9535
408.9189 -61.99286 -233.9118
425.9803 -82.35036 -253.6208
421.3083 -80.33362 -263.0046
412.9952 -97.86008 -264.5461
453.8828 -91.79092 -265.3238
479.3245 -96.81415 -280.315
504.3099 -102.0015 -294.834
482.4783 -93.06133 -289.5865
458.0206 -101.3816 -259.8517
375.2095 -50.35889 -214.2154
432.0845 -37.10569 -242.7074
419.0243 -21.46657 -231.1242
424.0804 -2.533776 -198.0581
427.0523 3.003259 -207.1103
437.4433 10.75189 -186.8463
444.8529 5.014796 -180.934
403.373 24.18028 -162.7764
379.6694 4.699418 -171.4078
369.2438 23.96532 -151.4379
371.284 38.61606 -140.4261
375.67 53.8643 -129.603
379.6787 69.79823 -119.4215
360.2047 38.20819 -141.0155
349.1249 52.39271 -130.7726
332.2522 34.27048 -145.3611
317.4702 12.62855 -156.5054
303.658 -10.0878 -163.3859
305.244 -31.43848 -177.6523
272.5608 -39.83581 -171.8649
239.497 -52.53789 -169.1999
204.6849 -48.5864 -154.1823
170.7411 -39.86409 -135.0303
164.9419 -32.35632 -147.1793
165.8061 -21.89151 -153.5828
157.2675 -33.33104 -156.7513
138.2142 -32.77555 -113.5389
163.2586 -11.18869 -105.1917
159.251 -2.628773 -109.2653
188.4664 9.984602 -97.09146
156.6477 23.80685 -74.21734
165.4424 22.56803 -68.79776
124.3399 37.48175 -51.68387
119.6729 59.49714 -32.73125
143.373 82.38379 -20.22406
181.5556 97.32682 -23.18581
189.4584 90.17595 -23.60039
218.9653 113.2086 -25.87015
261.0996 115.3884 -39.39133
303.5282 117.4558 -52.82924
299.5699 113.02 -41.49545
300.1461 117.1073 -30.58006
294.8709 103.0424 -38.10851
346.1943 119.8866 -67.64165
206.1631 132.4766 -8.401585
216.2768 136.1387 -7.780324
191.433 150.8847 8.944841
177.0112 140.9616 -1.659473
162.5443 130.1762 -11.92751
147.8241 118.4216 -21.36077
132.406 105.6424 -29.30924
116.3516 91.59963 -35.74416
99.99515 75.12679 -37.37626
88.02387 55.91396 -29.01212
90.07463 36.07314 -40.56332
56.70379 23.11401 -36.33892
63.93401 15.14436 -35.4617
22.54418 11.23917 -31.84028
11.6288 11.66456 -23.90357
-25.19422 14.08662 -6.833067
-7.666232 34.71613 1.40967
18.0576 50.54432 2.180448
53.00484 53.21019 -13.67788
37.79168 56.93108 2.991345
15.13293 39.02147 -2.946712
-3.118535 54.67567 15.95612
-21.83844 41.20221 13.24469
-11.11366 56.02615 19.60822
-36.84717 48.24173 26.20455
-62.1387 39.77691 32.12118
-50.06071 27.0676 14.78372
-68.58955 3.696603 3.317297
-93.90639 17.43168 27.36491
-91.51634 42.1309 48.0582
-113.681 62.87171 76.50067
-128.7039 86.85455 104.8563
-135.7284 103.1069 130.0663
-150.5741 87.48062 117.1094
-150.1688 68.65305 97.37377
-172.5015 61.86378 98.03233
-177.1774 66.5616 89.57231
-194.1981 54.89113 99.8122
-181.3337 85.90211 120.4744
-175.8644 109.6883 140.6611
-173.3077 137.7346 164.8793
-155.7103 151.997 165.369
-161.8267 151.0214 180.1104
-180.1192 159.2671 190.9585
-194.6046 182.7502 219.2415
-176.0489 195.7748 216.7088
-155.4152 193.5722 195.7226
-141.5306 182.4104 175.4793
-134.2819 164.7923 159.1345
-111.8893 175.2563 155.3289
-83.15968 177.0219 145.7747
-85.07771 152.829 128.0166
-117.8888 132.617 127.1984
-126.3601 149.0098 142.2003
-144.6434 103.8832 118.6901
-51.61163 154.5129 114.8065
-46.46585 145.3474 118.3611
-53.87342 177.2237 133.418
-56.81103 199.1911 153.2455
-26.91152 217.7224 151.3077
4.223042 233.5049 153.3103
14.46888 221.5291 140.4319
20.99411 217.1486 148.425
22.6121 210.3171 125.3983
29.78263 196.7551 112.5172
36.47983 182.4039 101.8295
68.12926 197.3692 102.3585
99.60134 212.5293 103.1447
114.8817 237.3357 119.774
110.9724 251.5774 134.3186
150.7411 246.4945 115.2422
161.5966 224.4163 91.31399
186.3583 216.2968 72.83077
180.0408 195.43 53.52523
159.9979 200.6206 60.88232
140.5085 201.8064 73.30148
120.185 201.8878 84.9089
128.5249 186.1311 72.34951
119.9169 160.513 55.81838
121.2948 154.809 64.84789
111.053 135.615 38.12372
100.3692 113.1284 25.57063
82.94291 94.22928 18.24862
67.79125 75.181 7.76246
93.57384 81.02981 3.30287
98.08876 73.18137 10.22594
118.3154 89.26991 -2.458187
111.7875 107.4681 13.45901
111.5325 125.6079 22.85263
109.0863 138.7747 15.41293
115.5342 147.9737 10.77277
100.0092 145.994 10.74839
76.88692 92.42906 27.70652
145.2467 205.1411 81.95218
112.6203 208.2685 80.7656
159.6943 209.2663 50.27926
159.4157 217.1738 41.29422
186.3909 173.4381 31.15131
196.3009 176.4841 29.18423
216.1485 226.788 71.5937
220.9177 227.6952 62.50358
245.5109 237.3003 70.62056
274.2248 244.6917 70.8184
231.3279 255.5682 94.86153
191.5526 253.9019 107.4249
193.8673 268.067 118.8152
215.1906 274.4219 115.3531
212.3169 298.0929 134.4986
206.5743 320.8138 153.8499
195.9132 332.2091 178.4774
202.5994 348.6054 200.6951
235.2268 358.0229 203.789
259.2063 359.5443 206.9625
263.9565 351.9624 214.5807
281.0538 368.4088 206.0375
289.5784 375.5231 205.0066
257.373 369.0387 204.2645
258.8713 378.2476 196.0768
256.325 379.1705 211.5919
311.8532 372.924 206.5426
306.9591 383.9569 225.0797
271.3061 401.3475 260.2946
288.0346 424.6898 279.4708
278.3477 439.8878 298.6991
267.6913 453.2103 318.0743
274.3345 466.4211 332.4563
251.8633 470.417 346.914
244.9276 481.7816 363.5034
250.6759 492.1541 365.295
234.3278 488.4615 378.9569
233.5753 500.749 382.2217
223.1386 487.4736 392.5885
222.4442 493.1406 404.0416
253.097 495.5317 395.2233
282.0725 500.5139 391.8226
310.4377 504.1532 386.2068
338.6295 506.4426 378.137
341.4156 510.3347 390.2776
366.1588 504.9529 368.5824
390.5687 500.6758 354.0611
405.7025 494.3032 336.3113
421.0585 484.3388 320.131
430.093 468.3148 294.1852
443.427 476.0975 298.9771
449.9188 486.8701 297.6664
453.4834 475.2437 306.4147
432.323 449.3456 266.7355
442.0193 454.0076 268.3761
458.472 431.6706 236.661
483.5983 413.1358 205.8419
500.7209 388.6228 171.1099
516.3715 363.0363 135.6337
567.3796 356.7522 112.5074
606.0256 342.7494 82.88933
612.2673 320.7131 52.81851
598.6604 317.275 47.41308
599.3289 329.2928 47.88651
585.7867 306.8994 41.55807
572.5605 295.4765 35.08463
559.0043 283.104 28.41615
549.5259 296.313 54.23661
557.7613 298.2946 62.06415
537.0013 308.8515 78.35873
531.8893 327.8706 98.65765
524.8322 345.8726 117.7068
521.6156 297.9831 83.62407
506.606 294.5654 87.56201
494.2265 285.3925 77.87172
511.338 285.5088 84.1224
517.8061 277.642 92.93398
473.6423 279.9322 64.65333
450.9744 285.3206 68.50978
432.6585 272.6912 55.39737
451.7035 256.4528 31.00307
474.0409 269.3194 44.24205
499.0003 275.1695 39.95117
507.1591 267.0127 40.71984
521.3879 284.6743 35.58243
491.4351 293.3835 41.55969
476.5818 314.5923 64.57053
457.7332 322.4124 91.60409
443.8589 338.5858 119.9775
427.5989 345.1538 125.9217
426.7193 361.9701 127.9144
432.9353 372.8867 130.3896
419.1723 372.3145 128.1586
412.2737 335.4894 128.6886
388.7421 355.0387 162.0309
342.3751 369.4479 194.5304
428.7541 355.4027 151.6155
430.8199 360.4166 162.4754
467.8677 354.2118 137.1701
407.4132 307.127 99.12791
421.0005 305.5383 103.7901
417.3404 304.4147 115.5873
436.7227 304.0434 98.2839
440.7623 301.5779 109.921
448.9409 304.035 84.61708
444.7675 314.3903 82.00957
482.5344 334.5643 57.96714
489.6121 328.5386 45.10073
492.3907 312.3489 39.58939
497.1225 318.0114 29.50138
493.3866 339.0152 38.06457
483.8988 342.808 66.82792
483.804 354.3359 55.57449
479.2844 366.2544 50.65373
490.4204 365.9942 58.09881
477.3547 268.1578 25.08125
462.3918 242.6531 10.03169
437.7143 258.6985 33.34346
508.0431 297.0506 100.608
589.752 287.7142 22.67859
621.1945 299.214 23.2982
652.9971 288.7328 -2.681388
665.5945 268.8157 -27.09507
668.1008 283.2924 -27.55035
671.6991 297.3754 -26.63727
677.8482 309.1022 -21.9743
682.2734 295.5854 -12.64646
707.0005 290.2909 -19.0592
699.8938 302.3583 -15.96356
711.4445 316.4107 -17.85839
719.3951 323.764 -25.58163
718.0013 326.703 -12.6372
731.7888 280.7073 -26.50628
716.4261 299.6642 2.97258
697.215 318.5777 29.38764
705.2822 321.1134 37.10438
675.7219 336.9004 53.90918
646.6949 344.9375 73.24882
669.9308 357.7178 82.72706
691.9136 363.8546 79.11255
714.4827 375.3597 85.37476
720.9453 391.2995 92.46505
724.2468 404.042 90.78857
725.2034 398.2257 103.284
734.6769 374.194 88.20876
707.0008 371.3012 96.89246
710.6587 372.5518 109.025
678.0203 367.959 98.3744
652.4771 370.5295 108.4627
625.0384 370.0627 114.4754
630.5873 376.9081 122.3816
596.2772 367.0892 117.7081
599.663 379.6464 131.0868
593.2557 386.3917 140.037
606.5291 379.6636 142.2814
604.1954 392.022 131.4514
657.511 377.4841 117.1967
768.0699 375.9715 81.80907
798.7805 373.4084 69.2816
818.0533 359.761 48.03715
824.1435 369.2523 44.38394
833.4443 344.3618 25.473
840.7489 325.6535 1.687866
846.7292 306.428 -22.44061
847.3622 286.8841 -41.97752
847.4557 269.5432 -65.2399
855.2537 286.4227 -53.42672
866.3881 291.9398 -56.26098
855.2128 300.174 -37.5479
864.827 308.394 -35.00291
839.8397 245.4896 -90.9428
813.6929 251.4482 -78.32933
786.0219 255.9765 -66.45596
792.3564 263.0458 -60.42755
756.8051 258.3997 -56.5559
761.9704 233.3612 -84.56347
765.4616 207.8475 -112.7263
811.1416 208.2504 -129.2869
850.6844 220.225 -122.1044
893.108 208.4209 -143.0854
933.9153 195.0328 -166.0204
980.9211 200.4719 -173.6444
1021.478 195.8227 -190.7548
1060.588 189.8783 -209.1482
1084.628 173.6913 -233.0216
1106.056 158.0895 -252.088
1105.4 140.0761 -274.2709
1095.72 151.8917 -264.2438
1094.848 166.7528 -249.6961
1109.585 172.4758 -256.4987
1121.881 162.9253 -263.8763
1133.637 174.0399 -250.0603
1131.827 160.2649 -255.5718
1153.572 155.4898 -265.6414
1169.004 148.5948 -280.504
1189.431 150.973 -287.431
1173.394 134.9963 -298.0966
1158.663 136.3992 -290.7756
1137.31 127.2735 -293.8932
1119.245 116.145 -291.4066
1109.323 118.7551 -299.0481
1110.067 97.31338 -324.2295
1131.829 96.32024 -333.3496
1150.871 103.1805 -325.6719
1155.568 89.35098 -332.1201
1150.193 110.1436 -312.703
1161.866 118.0382 -312.113
1159.253 64.70084 -352.268
1127.906 53.78185 -363.0197
1094.979 37.3565 -372.2013
1072.492 11.56989 -390.4071
1087.999 0.857066 -399.668
1101.862 -5.98162 -411.379
1096.693 4.761859 -416.2566
1084.4 11.56016 -406.6193
1086.155 18.65418 -417.0866
1103.568 6.067735 -427.7657
1115.58 -15.38952 -419.9348
1124.522 -25.02757 -420.0779
1123.032 -16.771 -430.8174
1036.308 -7.052194 -394.5759
1025.125 -2.632982 -379.1056
1034.578 9.200161 -374.4361
1019.621 5.91246 -377.1899
1002.78 20.43291 -365.7481
1017.762 33.40062 -354.7066
993.9346 34.96234 -340.7093
963.9506 45.6249 -329.4761
940.3913 60.56141 -318.2142
911.6603 52.40046 -312.4611
883.413 43.54824 -306.4817
878.3023 49.56963 -314.0561
913.9838 60.29484 -306.0315
923.9613 35.80482 -325.0719
916.8582 11.46857 -333.7973
944.1743 -8.840267 -354.3324
931.6025 -38.71213 -375.6423
938.1855 -47.07493 -379.2156
917.4794 -67.2565 -396.482
901.2656 -87.87605 -410.7102
881.6882 -108.518 -422.2663
912.9921 -104.0094 -426.6581
914.0842 -86.12619 -411.3012
941.6346 -110.853 -440.6716
972.8359 -90.024 -435.898
1001.771 -66.9341 -428.599
1018.184 -76.82775 -443.0235
1020.828 -74.2454 -453.6386
1033.904 -87.33715 -455.0415
1040.794 -96.36964 -452.3859
1046.909 -94.48608 -468.1094
1050.261 -91.95948 -479.6681
1058.501 -103.4962 -474.5898
1067.497 -110.1061 -480.7257
1019.558 -37.46865 -412.0612
980.267 -97.6097 -443.8324
986.8916 -104.5587 -450.7829
933.5578 -139.4581 -458.3851
945.3218 -152.1259 -475.7468
951.0735 -165.5471 -489.9414
956.0201 -156.0672 -485.084
967.42 -154.8518 -490.6148
953.2201 -180.8814 -503.6852
938.7097 -190.5204 -505.229
942.605 -198.8193 -514.4222
921.2338 -192.5762 -498.6054
904.5308 -188.188 -486.4624
889.7388 -179.2587 -471.5682
914.008 -162.1697 -464.2779
923.7721 -174.2798 -460.1857
928.7272 -185.6168 -463.2023
931.71 -178.953 -451.5871
857.484 -188.1369 -467.6548
823.4993 -193.799 -462.1205
788.1373 -197.2333 -456.7418
799.5568 -194.5504 -468.5426
799.0372 -192.4047 -480.8292
795.1691 -171.9046 -453.3948
794.5441 -169.0653 -465.1659
807.6066 -153.2242 -443.0689
817.9268 -136.039 -429.1919
843.5367 -126.3807 -426.8063
819.6973 -118.3029 -413.4987
829.6741 -113.8728 -411.5107
793.614 -111.9715 -401.2112
768.8478 -95.07155 -380.6188
745.5403 -105.877 -386.3203
721.639 -118.8846 -386.2242
726.3768 -136.9217 -403.9001
732.4397 -156.4307 -416.6837
760.3394 -155.6915 -426.0273
760.6279 -166.2535 -421.6586
776.7177 -164.4362 -441.404
771.2167 -166.2829 -451.4907
779.0819 -142.2101 -422.711
779.0243 -136.1602 -432.0839
797.5865 -129.7667 -417.4318
722.6047 -134.5719 -416.8878
718.9852 -132.2038 -428.3289
747.4758 -99.07999 -399.4958
742.2354 -91.85357 -408.1544
755.6259 -97.56595 -408.2887
833.671 -150.1491 -442.8657
818.7645 -172.7795 -457.2515
827.7952 -172.9221 -465.6339
844.9146 -151.5999 -446.5665
810.8371 -147.562 -453.087
804.8438 -205.6538 -465.9865
806.8992 -210.8748 -486.6946
811.5103 -208.5651 -499.0901
817.6656 -218.6716 -487.8304
805.6779 -226.7424 -499.4035
791.7016 -227.6181 -492.7611
790.0392 -238.4751 -499.9509
782.3934 -217.9051 -480.3479
759.4653 -235.3633 -484.6879
761.0729 -244.6183 -492.4421
735.2242 -249.1965 -485.7351
709.6542 -258.6815 -483.0312
711.6232 -268.0327 -490.8706
683.3094 -263.8073 -476.7885
684.223 -273.6048 -484.078
737.7255 -258.3464 -493.6
812.8001 -238.625 -513.08
814.9995 -241.5363 -526.1629
819.0454 -250.1582 -516.5925
750.964 -199.7169 -447.6562
730.9633 -210.9248 -449.5481
709.8952 -219.8524 -449.8938
863.7598 -197.1014 -472.4923
902.7108 -198.3136 -492.6705
921.653 -202.2007 -507.0901
965.8431 -188.1485 -515.2855
975.3475 -197.2273 -517.3796
971.4559 -188.4861 -527.2462
899.4469 -85.41562 -421.5119
982.7344 2.122059 -353.5018
1009.108 19.27734 -341.381
1042.406 27.10436 -332.0462
1048.263 19.644 -324.8707
1074.54 37.15642 -325.0794
1104.956 49.92076 -319.8839
1100.692 71.06102 -301.3121
1106.421 85.4074 -291.1258
1102.722 104.0279 -285.6599
1082.669 108.701 -277.1488
1062.601 128.4574 -264.3088
1025.786 135.6842 -250.2915
1033.894 136.5863 -242.482
1090.64 139.0115 -270.3383
1118.534 144.6983 -279.6586
1125.987 157.3466 -291.6514
1136.084 165.4366 -295.7785
1124.912 165.5598 -302.2515
1090.697 87.91129 -286.939
1089.848 80.49933 -277.0572
1116.079 78.99245 -284.8847
1137.051 46.21355 -330.7693
1167.257 46.06311 -343.6082
1180.41 35.00735 -341.3031
1186.646 24.50258 -345.6128
1190.684 31.63561 -334.0944
1191.507 53.10824 -358.8999
1231.419 48.40808 -373.2845
1262.735 37.9051 -373.7621
1270.398 32.89928 -367.6658
1292.905 28.31297 -375.2961
1322.314 20.00013 -377.6886
1349.228 12.69073 -380.3856
1356.583 4.779696 -377.8469
1374.3 6.85424 -383.4492
1398.384 0.9318 -386.2089
1419.307 -4.823123 -394.3362
1424.98 -17.32543 -402.387
1430.158 -28.7796 -400.7052
1427.812 -21.29488 -413.8988
1438.881 -2.396976 -396.9782
1456.011 -5.168971 -398.5466
1466.032 -4.536743 -406.5566
1466.871 -8.535168 -392.7702
1444.367 7.415661 -400.69
1407.521 0.016171 -374.7607
1411.879 -8.279727 -366.8792
1415.239 7.233101 -368.7379
1330.626 28.52775 -377.1547
1325.143 12.87456 -386.9569
1326.414 13.22852 -368.5298
1297.846 19.87874 -370.4769
1237.154 39.55 -375.6385
1252.331 54.53969 -393.0552
1272.609 59.40683 -412.1291
1292.311 65.28164 -429.3612
1308.366 65.329 -447.1618
1324.01 68.78741 -462.4231
1339.629 69.82401 -474.6418
1347.882 61.47513 -476.5939
1351.387 74.89107 -486.2325
1355.37 73.49651 -498.3265
1362.165 81.31516 -488.1832
1322.899 75.24963 -471.9034
1310.461 56.81593 -454.3801
1301.802 77.15719 -430.1382
1313.063 80.58183 -426.2864
1302.777 88.30489 -435.3957
1274.771 54.31991 -421.7014
1257.612 63.28944 -396.631
1202.018 53.91242 -363.9173
1144.035 37.19065 -326.771
1081.501 28.86722 -320.1509
1006.168 0.123534 -367.7385
944.6852 40.22567 -327.265
944.3829 26.52176 -347.3837
974.9802 21.93398 -363.7687
987.1754 16.74361 -383.693
983.5444 20.8549 -394.9154
1002.685 9.235788 -397.81
1020.427 0.262697 -402.2516
1023.69 -1.462912 -415.0865
1001.463 10.98994 -410.7388
952.3297 17.91305 -347.6612
920.8624 21.85865 -347.2103
900.5419 19.45554 -333.0008
912.1202 19.27513 -357.2749
921.4028 29.316 -358.478
924.1262 11.14869 -353.8446
948.0015 31.6382 -358.385
927.9868 55.34643 -304.1099
927.7852 78.32482 -286.8062
905.6906 84.87692 -286.1346
887.8215 93.86275 -271.5825
858.5063 83.87164 -263.2896
853.5212 86.15373 -272.2737
829.431 74.02531 -254.3868
831.0391 99.39975 -227.6333
829.9884 125.5259 -202.15
813.9308 137.7131 -187.6229
803.1232 131.0251 -191.8304
801.2125 108.3137 -212.4751
806.9647 99.03403 -226.935
804.3488 108.7067 -232.9108
812.9139 85.13416 -238.8005
796.2319 87.65972 -228.7738
780.5996 69.34003 -238.8575
782.0651 64.09863 -229.4084
764.8903 51.88212 -250.5292
779.4432 39.6434 -267.0319
747.0335 30.35031 -265.2951
713.9633 21.12305 -263.5971
708.2516 -1.581912 -276.5803
724.9359 -13.85797 -292.6037
685.1748 -12.60121 -274.3553
659.882 -17.16355 -278.0899
670.7169 7.450303 -262.0186
665.007 15.38655 -266.7672
682.8187 30.70619 -245.4771
647.512 47.14948 -220.7473
613.5112 55.02255 -204.1414
574.2293 56.7619 -192.1722
568.4772 22.70479 -218.4025
534.8032 10.50475 -218.9694
543.4815 37.77959 -200.6579
549.0546 28.72114 -198.2601
590.5879 -1.582128 -244.4336
597.4584 -6.256613 -237.8258
582.1878 49.21217 -192.5803
627.7769 67.89663 -195.6742
635.2909 63.78084 -202.3591
638.6805 82.63132 -184.8242
650.3987 81.62811 -183.7909
711.2358 39.68194 -245.1068
737.1124 46.278 -246.9558
724.3553 45.47407 -241.9168
726.0599 51.25196 -231.8193
681.5413 39.38652 -239.5589
689.5832 -23.62974 -263.3073
693.6096 -35.34485 -261.1719
691.4192 -25.95758 -251.086
723.6313 17.15262 -279.3305
732.4376 7.107631 -292.4339
737.2004 13.87829 -301.6871
723.6575 27.5462 -285.4998
839.2198 95.8551 -220.5888
894.9213 110.2065 -275.4428
886.5417 134.1104 -260.4707
883.4275 151.8155 -239.2147
866.4205 174.6517 -215.4041
869.4914 188.8364 -222.4902
865.4268 197.2197 -230.9648
877.7243 198.2758 -223.2259
847.9964 191.6795 -188.5367
853.55 214.0188 -190.7775
858.2108 220.7968 -183.0423
858.0568 234.4168 -195.5403
865.4745 251.0624 -198.7459
866.887 261.0372 -207.1353
871.9705 261.7381 -194.3243
851.176 243.6974 -198.3928
825.9044 194.1343 -160.0378
814.3505 173.4912 -165.066
819.1956 174.933 -155.2099
875.4404 136.7107 -256.5704
880.9586 137.4391 -272.0278
887.5821 147.0094 -264.692
890.5991 114.8289 -285.9931
944.2579 96.94772 -271.5771
951.4833 90.07362 -263.8489
934.8486 48.32761 -296.3583
944.2518 85.80742 -310.1852
953.9369 104.3514 -305.093
945.4985 107.8767 -310.3201
936.7418 101.6911 -301.4517
954.281 116.1804 -310.1747
960.8321 119.2424 -292.9339
1048.26 39.66587 -358.848
1044.334 25.33511 -369.2746
1052.585 29.60896 -377.1403
1078.493 51.68851 -357.2559
1094.612 75.30908 -342.2344
1096.533 80.72002 -352.3075
1044.97 1.536953 -372.5462
1043.892 -15.46503 -400.9729
1134.596 70.5445 -361.6609
1135.786 86.33323 -350.6615
1142.133 93.20239 -359.6873
1140.793 71.3853 -373.198
1214.56 165.4787 -282.9891
1225.031 164.3233 -287.3652
1237.059 180.5936 -277.2068
1255.68 187.7088 -277.5127
1248.401 194.4891 -268.4641
1253.912 210.2094 -255.7265
1265.154 214.2062 -257.382
1253.463 224.4156 -241.7714
1264.898 229.6149 -240.7024
1245.219 235.3407 -228.3733
1230.138 240.8989 -217.414
1210.556 241.0576 -210.3087
1216.191 249.7571 -203.729
1188.451 236.9432 -206.5901
1164.918 229.577 -205.029
1168.213 239.7368 -195.2439
1171.382 248.2007 -186.7987
1140.995 216.9924 -208.7625
1144.618 204.2639 -221.5793
1142.088 189.8415 -236.0603
1153.538 193.7626 -236.4666
1155.304 207.5766 -217.2432
1114.334 210.5915 -206.1301
1116.463 219.0141 -198.0166
1087.511 200.8306 -206.9613
1193.25 246.2155 -201.0675
1237.794 249.2283 -211.7964
1255.098 242.7266 -225.263
1275.32 191.0529 -281.4734
1284.095 183.1609 -281.4189
1291.558 197.8138 -285.0752
1299.519 203.1558 -293.7809
1303.7 199.7305 -280.679
1164.627 157.7556 -259.6982
1111.16 185.5843 -256.8205
1089.22 160.9113 -269.4712
1029.96 201.3144 -185.4969
997.2175 216.9451 -159.9695
996.5618 226.6062 -155.0071
1013.568 231.8952 -147.3176
1019.099 230.5682 -137.444
1028.182 247.1815 -137.0644
1030.442 258.0933 -138.8845
1041.831 259.209 -126.3402
1054.076 271.0875 -117.1409
1053.955 282.644 -118.1144
1066.46 278.6164 -107.7339
1075.939 287.35 -107.7352
1071.677 279.8473 -96.3166
941.0175 201.3223 -159.1086
900.1622 214.4867 -135.6672
724.7048 214.8351 -94.91832
683.2114 221.5212 -77.28864
693.8469 219.2191 -76.77686
676.9979 244.9339 -50.76283
680.9796 253.6696 -57.4967
668.3069 242.3577 -44.7679
689.6881 240.5114 -41.52625
693.2985 233.5415 -31.52197
701.9186 241.9002 -40.03487
734.9509 217.0165 -94.28262
772.2766 236.0788 -83.33586
821.2908 258.9358 -76.92201
858.847 268.2832 -66.67538
852.5385 282.5311 -31.77682
848.6676 350.6401 27.7373
856.6948 360.0394 24.65688
859.6396 349.4753 34.11955
826.8788 356.6074 55.44568
805.8267 389.486 68.07197
805.7899 402.2075 71.59913
815.7418 397.1947 64.03741
813.1392 377.6118 83.01801
824.7944 385.9409 91.79584
833.947 391.9478 99.03435
819.2068 372.1325 92.34346
774.1019 385.0739 94.27879
778.8218 385.018 106.2729
776.8809 396.9537 98.27301
685.7172 354.6939 63.44688
691.0809 369.506 57.98951
700.7264 375.8345 52.9453
688.4681 382.0974 56.91565
726.007 300.5387 10.74988
743.1931 282.5471 -24.09179
678.2989 326.1465 -27.30812
677.4163 338.8264 -24.13842
680.1388 334.866 -37.01746
582.8498 273.3973 11.79009
593.5767 270.1169 12.3372
572.0784 260.5055 1.518369
578.9985 233.7677 -28.04954
588.3259 236.7115 -23.81537
584.838 206.6631 -57.82891
507.5356 395.1959 177.2395
497.9705 426.7532 216.0417
510.8918 441.228 224.5677
512.6685 451.9251 220.4227
523.4095 451.5885 234.4961
530.883 449.4569 243.8673
531.8039 463.9442 239.1786
539.1946 472.9418 243.7874
504.2501 422.7506 224.2331
464.2154 438.6017 242.793
399.7342 452.5243 277.928
404.1256 462.2424 276.6013
366.5584 454.5753 288.9094
344.8452 461.1265 301.8855
326.2724 473.097 319.8055
300.5544 471.0513 327.2953
301.4614 479.4312 334.6984
332.4564 490.2274 333.209
342.351 487.8474 338.5675
335.2426 504.452 348.0835
337.2775 511.4085 364.4858
338.522 523.7665 369.4082
336.5332 516.9551 346.3749
333.0066 500.721 327.2018
341.0488 449.1078 290.1457
314.9403 437.2612 284.5365
320.0139 445.1484 279.4145
374.1955 461.6293 292.1322
423.3097 495.9688 339.1591
436.7015 504.72 348.0362
443.0074 516.1079 350.2325
446.1291 504.6322 357.2627
409.186 500.7287 351.7353
413.2006 506.4719 362.6414
405.9693 505.8475 333.0667
372.2571 510.7286 377.9184
256.4194 501.8917 405.7951
190.8776 477.4603 391.667
159.0537 465.2493 387.0145
158.1983 471.3736 397.4631
128.1527 450.8711 378.0162
154.0573 450.7508 365.017
179.7796 448.2666 350.5341
208.8666 455.3988 346.1689
230.1294 462.93 346.6519
228.6012 456.6816 337.836
248.0209 456.375 327.2709
247.0494 466.8955 322.8393
173.2629 433.7405 334.6679
175.2001 444.4143 332.9579
166.0683 417.2119 318.9318
174.3407 405.512 301.541
126.1782 402.0208 315.1604
146.6339 409.6938 319.0878
150.0208 409.4994 330.1998
126.501 395.4798 324.8603
73.382 395.2886 324.4796
74.77539 418.7335 356.2415
62.43585 429.5084 376.5387
49.21624 440.1499 394.6685
54.38418 455.1217 411.8177
60.46029 467.7914 428.66
65.13167 466.6051 442.8457
68.82666 466.9531 454.9058
63.41082 483.4048 436.8647
58.74643 493.0117 444.3286
72.13419 492.4319 440.4908
50.6363 465.5087 412.4048
6.647569 439.0359 409.7494
-25.62489 420.9871 402.0053
-21.42467 400.1393 375.4419
-23.28823 411.4821 374.9201
-17.74488 377.9348 347.7176
-53.7818 359.756 344.5084
-49.38854 345.4498 323.5142
-82.9864 330.3116 322.3365
-119.5188 321.7011 330.1562
-142.1093 307.1717 323.2854
-127.4121 299.3246 305.6648
-111.8131 289.958 287.8032
-96.20086 278.9231 269.5807
-111.1162 262.2123 258.8394
-116.8372 264.8717 268.3456
-123.5263 244.2471 244.4662
-141.0831 228.6499 241.5504
-107.3926 251.8423 245.5896
-80.74187 249.0411 223.2976
-85.17429 224.079 202.7716
-62.58348 220.6198 180.0042
-44.51994 242.4435 186.6075
-21.85688 255.4785 181.3928
0.786726 268.5603 176.1549
29.63029 255.6825 162.2832
72.33247 263.0433 158.6447
57.21389 275.7419 183.04
40.96045 288.8338 206.4218
23.28309 302.4021 228.2495
36.52742 317.1969 237.27
42.24159 312.3402 246.1022
47.72646 333.9645 243.4935
71.12913 339.0914 239.978
88.72154 330.4922 221.8045
90.80212 341.2396 219.9392
105.3136 319.5583 203.5084
129.5789 327.3495 202.8851
150.0985 316.5172 183.0009
151.9072 296.456 162.3059
152.6739 275.506 141.7222
135.1998 256.3419 129.1709
121.361 267.6977 140.6534
106.3676 275.7741 153.659
106.1616 286.5692 150.4913
91.1794 280.5927 167.2943
98.38593 300.7548 185.187
99.30592 310.9555 181.6643
122.8584 276.7756 133.6705
174.0155 272.4079 130.9516
181.4381 275.8157 138.0194
157.6593 305.1232 160.3756
173.0765 325.6984 181.3535
174.0061 336.6185 183.6161
128.2729 345.7027 223.8516
116.4015 357.0958 243.3288
86.90028 366.596 266.6031
79.8946 389.167 294.3165
77.73596 413.754 295.4131
76.00494 420.0285 304.1931
75.87365 437.2736 294.8459
80.76541 445.1636 288.1503
72.89661 458.4264 296.4258
66.0714 465.0632 303.6301
73.10721 476.7807 294.7928
76.78741 488.3408 299.9041
69.00924 487.6437 288.6736
93.03595 374.5651 271.8667
74.2499 353.758 257.0551
61.29893 356.6276 267.5446
31.8398 347.9654 271.97
30.49628 342.7665 252.7234
11.39089 344.2733 242.7841
11.26295 356.7069 243.7103
-7.25447 338.3695 232.3103
-17.8772 352.2155 226.4554
-22.54181 337.153 224.4536
-32.74271 343.3105 220.4382
-17.98653 319.378 226.2876
-22.69048 292.1703 222.7239
-3.676308 306.1491 243.3612
-10.79251 322.3236 273.8365
-7.626169 318.7639 289.4547
-4.833414 323.1467 301.0293
-5.998477 309.6734 298.0277
-33.97206 325.619 290.94
-14.02952 349.6225 309.4753
19.28748 376.062 326.7874
3.636194 341.5188 285.8196
-68.07793 305.5809 285.5308
-75.47939 318.8835 304.1081
-76.64645 329.5776 305.3222
-10.87975 281.007 199.4448
-11.53579 291.55 198.7919
-50.83619 268.3313 219.5287
-53.71432 274.0655 228.839
-48.50084 256.2926 202.5291
-54.92013 264.1549 197.5911
-23.70905 371.0795 222.5714
-29.07041 387.7411 219.1624
-35.25642 398.4649 223.2077
-29.75674 397.6859 210.7415
143.1648 353.1108 228.6464
173.5404 352.1055 215.7174
177.7649 360.6472 222.1727
128.1166 357.2546 222.1312
46.85333 284.3108 214.7907
63.44766 270.4131 190.1379
-2.616291 287.163 161.971
-13.74229 298.4567 153.235
-19.98933 301.9321 141.9374
-20.01827 310.2357 152.8418
3.991625 300.4404 152.0648
7.033938 304.8914 140.0008
7.240675 313.1561 151.2111
-107.9585 227.5516 209.1952
-116.5882 238.3305 226.1062
-121.8641 248.7919 223.4359
-125.0502 218.9279 199.1161
-130.2571 229.2173 194.3876
-139.1327 203.9842 191.5807
-136.0673 193.2584 177.8653
-127.7774 183.7351 166.9334
-97.19114 196.9492 199.4517
-112.0454 171.0844 193.8636
-103.5028 165.3012 200.8488
-120.6043 147.2686 177.028
-113.8799 137.8332 181.4321
-132.8281 127.404 158.3279
-142.9452 141.9879 177.3116
-136.1636 153.6299 195.565
-127.6086 170.937 206.8398
-132.4543 187.2856 224.5482
-131.9269 181.3645 235.5945
-137.5652 207.2275 236.3022
-140.046 205.7263 248.3502
-137.6058 145.8366 205.6616
-88.68301 194.2426 207.1357
-181.6204 209.0819 237.9527
-216.4689 217.2275 261.2216
-230.4529 239.9037 291.5713
-226.1046 262.6982 317.3345
-202.5726 291.9465 335.6989
-223.8446 298.5529 355.3017
-200.9638 306.8584 355.0872
-177.9203 313.152 349.6482
-145.4811 322.9677 345.2913
-131.3222 337.7859 356.6712
-166.2204 332.5167 366.2021
-193.5713 332.7343 379.0443
-229.721 322.4315 384.7453
-240.7879 339.116 408.4686
-251.983 354.4805 430.7155
-221.5198 375.5286 440.008
-226.2124 381.7657 448.9958
-189.5405 394.5587 446.5438
-194.3825 400.8741 455.3754
-156.0823 411.8911 450.2135
-121.2548 427.0786 450.6109
-105.3484 451.0193 469.2505
-86.78043 473.661 485.1292
-98.80132 488.7881 506.0462
-96.71645 483.1893 515.6466
-105.8237 503.1327 504.1306
-116.8584 508.6665 501.8162
-103.7463 515.5833 504.1858
-108.5325 498.7452 527.5102
-119.1333 513.139 538.0829
-130.8573 514.266 545.0396
-117.705 521.3203 549.0238
-124.7335 525.3218 536.6512
-109.6962 495.7204 544.7497
-104.562 497.801 556.6854
-116.9193 490.9926 554.5667
-56.63365 483.0536 482.5081
-51.14582 505.13 503.132
-46.99297 526.5342 522.9755
-41.77748 525.0658 533.3989
-46.2806 537.8392 520.128
-44.18943 546.3782 541.4414
-42.3704 558.8289 559.376
-41.88982 570.1669 558.2023
-42.21626 562.1649 546.0562
-40.13508 573.1426 540.6073
-41.36842 580.277 568.3389
-40.7499 570.1366 575.2534
-39.02487 577.3986 591.345
-31.17693 583.27 599.7726
-44.94815 581.5041 602.0823
-41.51233 592.886 571.392
-42.74678 508.9138 508.8612
-33.42807 471.0093 460.5304
-33.28392 466.9032 471.8711
-24.50395 478.3538 465.9695
-12.72984 455.7786 435.6624
-7.262773 463.2017 441.7923
-37.63698 482.0873 458.3884
-107.328 448.6339 480.6154
-112.2236 460.6188 469.7651
-96.8418 418.6219 430.038
-61.0268 420.5482 416.8327
-59.31982 427.8746 424.8868
-94.96973 426.8265 437.355
-118.112 403.1217 421.6041
-138.7228 386.8537 410.7225
-156.1517 367.1091 398.1373
-171.6543 346.2926 383.3303
-162.6653 370.7861 406.5185
-145.9063 397.5908 414.4998
-152.4089 407.255 416.9496
-119.3491 405.6633 432.2729
-160.411 417.8651 459.7371
-289.1948 344.0633 436.4398
-325.7101 331.2486 439.4625
-337.7682 310.0932 423.0081
-347.5987 287.7694 404.259
-353.1279 264.2674 382.9964
-371.2538 237.5771 361.4822
-401.2281 217.4643 354.0194
-405.7849 223.4222 363.4867
-429.3894 195.5663 343.2401
-457.954 173.1128 333.2898
-444.825 189.0414 342.5656
-485.1914 184.1999 355.5851
-524.8898 176.7383 365.7439
-563.9038 167.9353 374.4273
-590.2533 167.1207 386.0029
-581.3468 192.3819 407.9763
-589.2557 196.346 414.7629
-570.332 217.1273 428.4319
-551.3317 238.5031 442.2932
-555.2482 244.7554 450.732
-531.0466 258.5918 454.3301
-536.6868 264.5677 462.4816
-509.039 277.1716 464.0216
-515.0729 282.6555 472.2361
-485.1734 294.1031 471.2533
-459.5113 309.6427 476.0811
-438.3871 314.1732 471.3669
-417.4767 322.171 470.6102
-387.327 328.6176 464.0114
-392.2087 334.7624 472.4124
-356.4075 333.3046 455.317
-359.0655 344.9459 468.8163
-361.6003 355.7906 481.3979
-365.4233 367.4575 484.404
-361.1239 357.7424 493.941
-438.987 319.8217 477.8151
-439.6057 328.3536 486.7757
-467.4211 318.5236 488.255
-469.8549 319.1129 500.8331
-474.4375 328.9041 491.2554
-491.7277 298.5936 479.5198
-582.4826 224.9147 441.3876
-584.5106 220.0126 451.7169
-593.7254 234.5572 450.8395
-602.0121 244.242 451.3107
-598.9851 236.3239 462.5439
-617.5413 142.4727 372.761
-591.6926 155.9787 374.0929
-601.7126 161.2621 376.9814
-608.2185 120.9503 346.8629
-614.0058 99.20467 326.5283
-603.6034 111.1905 330.2038
-612.1103 120.3568 329.9094
-587.2744 115.9841 332.0767
-561.7927 111.6228 317.0956
-592.4097 98.54131 316.5389
-611.8006 82.06037 306.8869
-636.4105 75.83409 312.8262
-669.3951 52.01554 303.7342
-675.7873 57.4118 311.2147
-700.9589 27.16513 293.2173
-691.9169 2.965464 266.674
-716.0793 -7.427881 264.568
-738.9723 -19.6381 261.6002
-740.8722 1.719392 284.1982
-740.3886 23.2671 305.5815
-778.3489 17.90528 316.3109
-784.802 22.95188 323.3047
-815.8173 11.79986 326.0904
-835.8386 8.908463 332.1551
-857.1784 1.138092 332.8581
-878.6477 -7.417657 332.5163
-898.9822 -19.26951 328.2882
-925.1146 -16.15119 340.6397
-907.5073 -2.549914 350.0061
-925.6737 4.592085 367.2658
-916.4436 23.06725 385.4158
-905.4404 39.96556 402.657
-907.3475 46.75925 412.1566
-940.3707 27.68873 409.8503
-974.649 13.48779 414.0395
-980.2733 21.32476 427.673
-981.5352 21.17932 440.3923
-985.9373 31.83946 432.0041
-1006.758 -4.597464 411.4675
-1013.312 -0.4403 420.2489
-1043.833 -21.69784 414.8864
-1048.345 -16.83112 424.8185
-1080.096 -40.3264 415.4834
-1122.967 -57.19279 427.1985
-1145.874 -62.55087 440.7838
-1156.397 -70.66348 451.5852
-1155.659 -80.27225 441.9962
-1164.564 -85.45215 454.096
-1175.983 -84.53152 464.219
-1170.038 -73.433 463.5335
-1184.485 -73.24747 470.524
-1194.294 -63.03289 470.7786
-1197.98 -53.22812 479.3294
-1198.062 -69.76062 458.1014
-1210.972 -79.76073 463.3024
-1209.16 -94.4277 467.6419
-1191.655 -86.28474 469.3331
-1223.398 -110.1126 466.2065
-1224.016 -111.8582 478.4588
-1237.031 -124.2038 457.633
-1237.546 -130.1086 468.2419
-1250.174 -135.4485 444.1081
-1246.572 -146.1825 423.3948
-1242.747 -154.697 400.9552
-1219.924 -142.7579 400.3885
-1195.977 -120.8249 408.836
-1186.179 -109.3817 412.0326
-1173.828 -100.968 416.5579
-1149.321 -79.32663 425.4365
-1193.315 -101.0603 409.131
-1229.372 -161.4392 387.7163
-1241.166 -178.8398 374.5385
-1254.785 -193.3136 360.3798
-1258.2 -172.4345 382.4599
-1280.835 -168.1759 387.0931
-1296.689 -171.3743 399.1789
-1308.154 -167.6359 396.5422
-1307.362 -176.3828 413.1302
-1306.215 -168.2153 429.5055
-1297.123 -152.1736 444.5194
-1298.522 -160.0979 454.1032
-1287.052 -132.9019 455.5491
-1268.489 -135.3563 452.9052
-1268.893 -140.2042 464.1482
-1276.458 -110.4327 465.3581
-1295.585 -112.215 472.4118
-1301.768 -104.5454 480.9277
-1311.192 -121.648 472.2139
-1315.143 -135.6545 463.0705
-1305.16 -138.8605 457.1068
-1317.422 -149.2079 453.045
-1322.083 -166.8468 440.5674
-1316.008 -181.7168 423.7047
-1313.692 -200.4488 402.6791
-1318.199 -189.7584 409.8368
-1330.862 -194.078 412.2787
-1308.155 -219.4486 380.0054
-1310.708 -239.2928 363.5751
-1306.097 -256.2979 344.9149
-1316.275 -262.7588 347.6995
-1295.913 -269.8208 325.111
-1280.235 -260.9485 317.2741
-1280.645 -273.0055 307.4329
-1278.04 -284.2411 296.9564
-1272.973 -294.5385 286.3474
-1258.011 -292.8035 274.8535
-1251.097 -319.1483 252.2449
-1230.763 -332.6594 227.0171
-1210.413 -351.1786 204.0018
-1187.534 -347.4763 188.2078
-1187.595 -362.5358 183.3727
-1188.064 -377.4018 178.6975
-1172.982 -389.5925 165.5634
-1149.529 -399.2728 147.5848
-1150.296 -409.7333 149.8758
-1125.699 -407.2758 129.4572
-1096.737 -394.1273 121.5675
-1097.605 -404.4747 118.661
-1067.817 -379.1813 114.1883
-1087.15 -359.1287 128.7455
-1077.384 -345.5768 131.0964
-1069.391 -330.7382 128.8157
-1081.415 -343.7945 123.2121
-1092.209 -339.1653 118.8673
-1081.373 -346.2339 110.8518
-1055.644 -311.8157 131.3336
-1042.057 -292.7737 134.1936
-1005.746 -291.2605 125.1384
-968.9058 -290.2965 116.3809
-953.6259 -303.5385 104.0161
-951.4336 -313.3694 109.1609
-939.6362 -307.9308 105.1135
-937.7448 -294.9421 114.0838
-936.317 -280.9922 114.7011
-903.7363 -269.2471 113.1601
-910.6612 -261.0757 113.0257
-870.3811 -258.5042 111.2619
-853.1725 -240.5782 120.667
-836.9335 -222.2422 130.6637
-820.4235 -195.0627 147.7578
-830.426 -197.7923 151.3508
-802.0845 -167.5804 163.9293
-773.638 -153.1701 165.5924
-736.769 -160.3199 147.2851
-698.7947 -165.1051 127.9665
-664.6885 -148.4156 126.5837
-623.2745 -126.4909 130.3698
-597.2456 -97.949 143.5481
-599.4987 -68.7363 167.6041
-574.4607 -47.38752 178.1506
-577.8049 -37.86971 174.7443
-548.9579 -27.05081 188.7252
-545.1801 7.165797 216.6973
-587.7786 -0.413338 227.2625
-627.5283 -8.835259 235.1335
-634.5261 0.123306 230.204
-631.7253 -2.563265 244.8168
-666.6284 -13.65895 242.0897
-681.5386 -38.19206 222.0109
-655.4664 -50.47828 201.6942
-655.1402 -64.32357 192.7334
-631.5606 -64.10085 200.8393
-625.9313 -91.97066 186.7189
-626.881 -105.8605 207.0514
-628.0475 -119.1451 226.3893
-627.6374 -132.5187 243.3679
-630.1984 -141.4671 259.3553
-635.1699 -151.9704 265.7888
-627.4241 -142.6794 272.2132
-621.1926 -142.1315 246.0826
-634.9766 -118.8335 235.3943
-620.1703 -107.7711 157.3791
-616.5359 -114.2223 166.1284
-641.6546 -113.5054 147.2832
-649.8517 -129.3747 128.568
-647.2222 -143.4935 113.9213
-626.9597 -143.8242 104.5173
-617.0554 -147.4974 86.87336
-604.0111 -155.9892 72.77064
-590.2777 -169.1682 64.0526
-563.0544 -152.1775 70.53917
-551.1755 -129.6281 87.70499
-537.4297 -109.468 106.7253
-567.1973 -122.2345 112.9835
-564.6123 -97.54121 132.399
-533.0005 -77.16114 137.9419
-529.9272 -49.26233 165.0078
-501.3539 -40.94917 170.2993
-508.0186 -43.45866 178.4682
-471.7526 -32.25875 174.3375
-460.7891 -42.4792 184.3448
-444.4109 -47.72282 188.0866
-440.2438 -60.78681 204.8298
-433.6817 -70.55692 206.155
-438.5432 -70.1104 221.1031
-441.8437 -80.31304 228.9512
-432.1649 -71.72563 232.6036
-436.9257 -36.5738 171.673
-423.0536 -42.59619 154.5296
-416.5653 -50.51725 160.4273
-412.2382 -44.74541 134.4899
-403.0148 -45.75402 113.6122
-432.1679 -51.64783 116.3223
-460.3728 -56.69561 121.5005
-503.9636 -85.63268 115.3089
-497.9651 -110.2704 91.40724
-476.4724 -112.9098 80.18159
-454.5603 -117.4447 69.43748
-433.957 -121.1967 56.01369
-400.3728 -112.4174 49.10128
-366.3453 -101.4575 43.54678
-365.2868 -87.37576 51.62714
-377.1427 -73.95556 72.84798
-370.9069 -79.1919 80.19135
-390.0086 -59.64117 92.79481
-389.674 -53.11356 84.49813
-367.858 -78.34166 45.36641
-351.0968 -96.45765 33.41619
-379.8024 -111.7462 30.34143
-379.8721 -112.5802 18.98177
-408.8449 -126.5459 30.37159
-438.3627 -141.7126 28.41903
-475.0868 -147.4361 39.85752
-511.6227 -152.9263 53.1154
-507.1813 -135.1796 73.31744
-482.8933 -149.9177 51.19251
-458.4727 -135.4935 52.80926
-461.0344 -129.7485 44.02335
-476.9223 -175.1702 26.56427
-471.5107 -199.1648 1.621988
-446.8581 -215.125 -21.61555
-424.913 -214.8236 -32.86457
-402.0232 -215.0325 -42.723
-378.4634 -199.891 -44.13936
-381.4631 -198.8667 -60.97056
-385.8947 -191.9268 -70.90208
-380.4979 -204.5599 -72.66294
-361.7102 -206.4406 -48.26857
-345.6479 -204.6637 -53.13225
-337.4739 -188.6631 -44.05691
-327.9623 -194.5381 -46.80833
-333.9277 -170.8629 -33.8549
-363.193 -180.0832 -33.0256
-382.7235 -170.1288 -20.05297
-402.3483 -160.8474 -5.770288
-406.6907 -159.3837 -15.73805
-421.1607 -151.5031 10.30573
-427.4423 -151.8421 1.261734
-383.5236 -165.1885 -29.77181
-305.9925 -152.1915 -28.35671
-299.0563 -125.2062 -8.018998
-274.6035 -107.1924 -5.283664
-280.8426 -81.47296 18.45337
-294.5218 -72.01698 34.12425
-310.9832 -72.13731 43.6116
-297.334 -47.5897 57.84879
-285.1526 -20.79413 75.49452
-312.286 -10.728 97.81744
-278.2436 -1.08563 90.74645
-233.3506 -11.1489 63.39819
-189.0242 -20.56947 35.30915
-157.6901 -6.74247 32.01828
-163.5573 -6.596295 20.81379
-168.9434 -5.342217 10.56184
-125.6743 7.636191 31.28729
-121.4451 21.65907 38.57156
-146.5734 22.99452 47.42596
-170.9187 23.5963 57.79957
-176.4702 29.57223 50.61058
-194.4287 23.48308 69.01141
-216.6203 23.14695 81.47718
-223.2084 21.55311 89.73327
-248.9447 -6.83071 70.01723
-249.0734 -31.88832 47.55466
-255.8325 -25.95876 41.49175
-248.0831 -57.40685 25.75251
-218.0432 -39.58023 30.01447
-213.1038 -48.48378 34.95625
-218.0945 -36.06693 19.35309
-251.127 -54.09017 15.9583
-235.9849 -74.70709 6.70731
-215.7962 -80.73438 -6.255659
-179.8677 -76.02683 -16.54152
-143.7362 -69.12412 -25.86484
-120.0663 -81.39056 -44.9139
-137.1662 -103.8122 -55.27491
-131.9823 -111.9415 -60.74253
-155.6641 -124.5426 -64.34533
-152.8789 -132.6307 -71.28746
-174.9277 -143.5793 -71.92296
-194.3398 -161.8852 -78.94667
-192.3238 -170.6847 -84.97775
-214.4091 -178.6706 -84.60245
-173.9347 -185.5895 -106.2298
-133.3806 -191.751 -127.3438
-138.9537 -202.8088 -133.4201
-145.0448 -205.0426 -143.383
-140.1045 -214.3762 -131.0098
-91.64488 -195.4913 -146.9878
-50.23102 -195.5624 -163.3475
-64.55434 -222.1466 -179.6172
-74.88438 -249.7457 -198.5649
-85.41027 -276.4632 -217.3171
-92.28018 -304.51 -230.5255
-99.25819 -330.7781 -244.9341
-105.847 -355.7978 -259.7573
-115.2384 -360.9769 -260.7924
-111.1792 -380.113 -274.4696
-99.00135 -393.0133 -287.9677
-103.2472 -402.0982 -292.0695
-66.40193 -396.455 -302.8535
-33.50576 -400.2979 -317.2059
11.19382 -392.2452 -328.5481
49.43909 -373.0732 -330.9991
38.92484 -374.09 -339.6839
30.2538 -374.641 -347.9355
65.71414 -340.2508 -317.8751
93.88132 -333.49 -329.5306
93.24824 -330.0384 -346.5794
96.43636 -337.8664 -355.7527
85.88731 -327.6581 -357.4077
96.93995 -319.5626 -352.1729
127.8748 -327.0559 -334.0225
157.7285 -317.4489 -335.9622
143.3191 -332.1396 -340.3543
140.3291 -350.893 -349.5478
144.5117 -349.5294 -360.5839
132.4862 -367.3737 -357.4944
136.3177 -373.1707 -367.2134
122.3344 -381.1183 -360.8355
80.48092 -383.151 -347.34
55.34672 -397.2281 -346.6011
57.45651 -407.7455 -350.514
29.05334 -407.2845 -344.1423
21.71869 -430.868 -357.0706
0.000372 -444.9085 -357.5632
-18.74849 -451.2675 -354.7733
-35.64767 -458.083 -352.5446
-10.81439 -458.0917 -361.3952
9.532362 -463.644 -371.9361
32.15252 -462.1631 -379.214
54.38836 -453.1431 -382.9308
83.52646 -452.4852 -393.3337
112.4286 -440.4637 -395.9188
114.2377 -449.8755 -402.5442
140.547 -425.4784 -396.3301
145.0974 -436.7784 -395.6547
140.6718 -428.9695 -408.1334
83.44287 -469.1796 -404.7777
84.3616 -485.6094 -412.0764
86.92968 -498.2112 -410.9731
82.71253 -492.7001 -423.1335
80.73808 -469.8462 -416.2298
37.50026 -442.1659 -371.3836
34.48217 -442.0732 -382.4139
32.06143 -473.4726 -384.7129
5.662701 -474.5833 -376.9105
-65.18613 -460.1191 -342.9617
-93.90944 -458.2394 -331.0253
-98.15015 -468.4312 -335.9704
-120.949 -451.7946 -316.9637
-119.5949 -440.1075 -310.3817
-147.8963 -447.0442 -303.9009
-187.0057 -447.4584 -289.3929
-225.6585 -445.318 -273.5103
-263.5572 -443.0823 -257.9539
-229.8309 -434.3073 -265.7144
-196.209 -422.0236 -270.7801
-201.1129 -421.615 -280.0648
-162.2776 -409.5392 -275.151
-128.1858 -396.5859 -279.3169
-240.4229 -433.7442 -268.1389
-314.2823 -446.5296 -240.8002
-341.0656 -437.861 -225.184
-368.5861 -428.5756 -208.8116
-396.4639 -418.9278 -191.3035
-389.463 -426.9463 -192.8402
-424.9836 -408.2814 -173.4858
-439.7942 -425.0307 -180.4642
-439.6113 -423.6177 -191.5344
-435.1373 -443.6558 -194.6277
-437.6899 -445.0849 -205.7038
-429.9933 -461.4173 -206.1231
-458.9957 -471.962 -201.2062
-429.0927 -471.8537 -212.6404
-399.4394 -462.616 -218.3847
-356.8243 -456.091 -230.5243
-355.9111 -465.94 -237.2977
-426.3531 -484.6233 -212.7251
-430.3911 -477.3659 -224.5157
-500.793 -477.8714 -188.7049
-534.4987 -489.774 -184.0259
-553.5115 -487.129 -171.6329
-572.7305 -479.2798 -159.1956
-590.8765 -468.6857 -145.8282
-600.5781 -484.2659 -156.8727
-604.9142 -484.5754 -167.9097
-608.6008 -499.7903 -164.2102
-632.9431 -492.7722 -149.8861
-634.2725 -504.8036 -147.5719
-650.0769 -477.3319 -131.0042
-648.7881 -471.6266 -117.5243
-657.6172 -487.8641 -114.8023
-667.4714 -496.3541 -118.6581
-658.8285 -499.3398 -108.3943
-640.3696 -452.6476 -111.6712
-662.692 -439.0531 -94.59802
-684.6194 -424.9543 -77.61375
-703.5093 -399.6861 -51.84399
-742.2247 -382.3132 -23.156
-780.3292 -375.2967 -2.426883
-821.4619 -379.8604 11.65748
-840.7907 -377.1673 18.00626
-841.5437 -385.6062 9.286148
-859.1639 -370.345 28.26766
-874.3277 -364.284 42.0693
-893.7335 -385.2303 38.95407
-935.8169 -397.4006 49.3001
-961.676 -395.6034 63.31551
-972.7614 -382.9835 69.52067
-975.6361 -380.2651 58.3143
-982.6691 -371.9962 81.10812
-972.8583 -359.9878 84.69472
-944.444 -344.9879 81.68435
-915.8929 -328.9536 79.2599
-915.8608 -336.3935 71.15462
-878.7571 -323.4174 69.50112
-864.9711 -338.9997 54.57907
-841.131 -325.2628 54.65918
-847.528 -306.0547 69.55136
-822.4294 -277.6523 79.1275
-844.0663 -261.5195 100.0952
-842.3831 -241.9329 116.0272
-782.0682 -264.0825 71.34098
-760.3856 -234.1071 77.3289
-732.5939 -206.1232 85.44769
-716.6455 -172.1662 106.7535
-686.7604 -159.9343 114.2382
-666.1653 -155.0115 110.4058
-666.1867 -174.307 99.02583
-643.65 -175.5819 84.64355
-618.2266 -172.873 72.55079
-625.4711 -174.1512 63.12779
-646.011 -186.6873 88.4678
-652.1595 -174.9809 75.83884
-687.7794 -187.9378 104.0166
-691.3057 -218.1386 84.22192
-695.1793 -226.014 92.15623
-693.5664 -246.2937 61.96607
-715.912 -267.4298 50.81009
-754.3247 -277.878 55.19367
-770.4778 -304.0736 43.39721
-777.8026 -311.565 45.75162
-785.5878 -329.4186 31.21771
-813.6254 -327.8236 42.68908
-773.8911 -353.4187 10.07664
-751.5392 -361.0459 -3.866597
-736.9291 -341.8709 5.426836
-722.1803 -320.1077 14.73149
-730.0327 -322.8867 8.026045
-706.2839 -297.744 24.52958
-689.2888 -274.5974 34.12464
-670.2282 -254.9791 45.90111
-635.6658 -244.2336 40.61008
-615.5362 -211.8987 59.75352
-601.9799 -183.2561 78.4388
-591.2003 -150.2441 99.99274
-611.5894 -139.9874 112.7802
-599.1412 -195.5182 64.59101
-579.5112 -185.2116 58.08693
-560.5717 -173.4325 50.33577
-563.4966 -164.127 43.11915
-542.2012 -158.4978 57.83326
-559.8331 -183.1344 33.28196
-562.8865 -179.5443 21.09599
-555.7173 -198.4166 28.05276
-556.2317 -187.1167 42.43031
-532.5833 -171.417 47.54937
-524.9828 -179.9871 48.47173
-583.3217 -192.5442 44.11697
-598.1373 -217.6933 28.4121
-628.8862 -231.4723 26.0905
-639.4264 -250.1982 17.65973
-643.8294 -248.3043 6.382811
-648.2476 -270.1286 14.61701
-652.5245 -292.6885 1.882691
-639.2427 -314.0695 -19.48721
-622.4662 -333.1808 -40.38083
-611.7073 -307.9294 -24.5733
-596.9079 -291.2239 -18.11685
-571.7061 -289.5837 -27.58958
-545.5302 -295.7624 -42.37273
-517.975 -288.6211 -49.4283
-521.017 -285.2155 -59.19893
-490.1709 -281.7201 -55.38004
-462.3354 -274.5995 -60.18506
-447.8197 -254.7917 -51.51427
-446.9248 -256.6045 -61.98269
-433.6544 -234.3783 -41.31474
-406.328 -234.029 -52.10885
-404.2086 -244.5292 -55.873
-383.1422 -243.9216 -67.86971
-342.6656 -218.8693 -64.72592
-301.2531 -197.1633 -64.52225
-261.7781 -180.2664 -67.29932
-282.2001 -161.0818 -45.08942
-290.1263 -180.5897 -55.63818
-284.149 -189.8274 -59.87643
-277.389 -133.2814 -28.57421
-274.1052 -132.5108 -45.81294
-275.2358 -130.1053 -62.2863
-270.8145 -133.9159 -73.62523
-280.758 -123.6273 -71.51759
-263.6382 -136.5672 -47.99702
-411.8303 -275.7902 -80.52761
-404.5048 -281.1444 -86.89026
-416.866 -304.6249 -100.7377
-409.086 -309.3051 -107.3705
-423.6929 -332.7412 -119.6706
-432.1931 -359.96 -137.8992
-424.5276 -361.7602 -151.2115
-417.0307 -362.9054 -164.1205
-418.0464 -360.2543 -176.0213
-406.5299 -367.3494 -168.1482
-444.2841 -386.9176 -151.4267
-476.5216 -388.9997 -140.3223
-484.0471 -404.1837 -147.9391
-498.3057 -411.6564 -147.4455
-479.4537 -414.9043 -157.2539
-460.3343 -421.8475 -169.7247
-463.9606 -431.5475 -174.6534
-522.0377 -411.6244 -137.9834
-538.598 -428.7579 -140.5587
-557.0251 -443.0486 -141.1042
-547.5127 -460.301 -157.1658
-569.2561 -464.9007 -151.8332
-523.8296 -470.1642 -173.4059
-518.2275 -478.8616 -178.1572
-580.5419 -438.218 -126.597
-603.6496 -430.5707 -112.1851
-611.8514 -452.7101 -124.6684
-614.9784 -405.3604 -91.35467
-642.5068 -397.347 -75.56371
-647.157 -382.718 -65.73389
-628.7212 -360.7795 -62.11223
-633.3285 -368.9112 -55.26465
-641.9625 -359.8452 -73.214
-653.6514 -359.392 -83.18885
-663.1945 -359.2206 -91.47524
-608.4937 -371.2123 -80.34019
-585.575 -380.8936 -95.26547
-596.9125 -382.776 -84.13158
-585.1396 -358.6551 -71.18947
-557.9214 -344.6104 -72.2791
-528.6102 -346.3331 -85.90086
-517.3005 -330.3896 -77.23387
-531.4099 -324.1269 -64.57047
-529.1829 -333.7312 -58.30317
-545.8326 -314.2362 -53.96347
-561.5915 -324.5541 -55.66294
-575.5953 -309.9548 -39.46545
-588.7394 -294.2559 -22.73151
-580.5633 -277.0577 -15.45801
-582.2177 -255.2058 -0.648111
-577.7812 -230.0992 13.63619
-553.1677 -215.5618 14.55088
-526.2838 -212.5957 6.141256
-529.1736 -217.4256 -6.003671
-531.8052 -221.0023 -16.93809
-498.5339 -207.1844 2.517468
-498.2798 -205.8595 -9.108481
-494.7619 -217.9756 4.899899
-594.9101 -265.7032 -1.250956
-607.4511 -276.475 -1.890091
-625.2897 -268.7732 12.99117
-610.6592 -288.9039 -9.17279
-495.0959 -321.8011 -80.21045
-509.633 -336.3738 -85.57386
-502.5703 -343.0364 -92.0008
-469.2859 -304.9458 -78.3036
-463.9068 -312.7853 -84.28768
-445.01 -285.8031 -74.51612
-517.2765 -364.9392 -105.9969
-505.8144 -383.0532 -124.8155
-531.0502 -393.5147 -124.3343
-559.8453 -387.7749 -112.7763
-565.9544 -388.9001 -127.1714
-567.8264 -383.0188 -138.2251
-572.3202 -396.1142 -134.6844
-516.925 -365.6128 -116.7365
-603.7759 -347.0069 -55.16708
-602.1785 -356.3443 -49.04797
-614.9393 -372.4486 -90.2842
-669.0759 -394.8112 -63.23652
-608.0471 -439.384 -107.0933
-580.6387 -449.1365 -124.2573
-533.4793 -437.5753 -145.2252
-415.2105 -338.8901 -123.25
-491.0868 -280.8232 -65.91761
-631.8826 -339.5185 -39.24002
-648.7827 -320.7029 -20.99844
-672.558 -286.1904 17.28201
-678.6901 -296.1367 14.35674
-670.4633 -263.3898 26.93905
-675.3511 -242.3386 35.07439
-656.9944 -233.3635 31.17251
-676.9786 -228.3537 35.66231
-693.0286 -228.6646 47.01294
-715.5453 -217.7471 64.53134
-723.2275 -212.1914 56.28207
-725.1351 -224.9962 65.02608
-684.2775 -223.4015 26.1923
-737.5325 -353.1755 5.945383
-663.3224 -137.254 116.842
-674.6411 -131.7409 119.2821
-667.7764 -129.9486 106.7422
-723.0073 -142.2847 125.972
-723.098 -115.7302 146.8333
-735.0584 -119.8832 134.3847
-746.3138 -120.4452 123.7831
-760.4668 -114.9559 114.7062
-764.8135 -107.5977 104.8354
-773.3318 -115.2881 112.6643
-735.0519 -129.8045 126.4464
-716.8536 -89.60078 171.1978
-701.5554 -73.71198 172.6367
-705.9768 -67.30524 180.2301
-675.8005 -73.12961 178.9109
-666.8792 -86.01417 167.0165
-655.4737 -100.9292 157.959
-661.657 -107.9922 164.5446
-672.5723 -79.27219 159.5787
-715.7454 -59.86969 164.6063
-727.621 -60.50437 162.7727
-725.1962 -45.65089 157.3555
-731.2527 -40.49461 146.7049
-731.7764 -34.45941 159.2866
-718.3707 -69.93559 196.9781
-717.9615 -50.01643 221.5381
-752.2725 -46.10531 240.0042
-792.6644 -64.81493 237.856
-793.1949 -86.63081 222.2001
-792.3341 -108.7626 204.8676
-790.4866 -131.1714 188.1385
-811.5871 -124.4682 201.1031
-808.8279 -147.0691 182.8728
-818.7839 -153.2343 183.8109
-826.9152 -100.8691 224.5422
-838.5575 -113.0432 233.5409
-850.5789 -124.3438 238.1608
-853.6005 -132.7687 247.3319
-861.7401 -129.6958 235.645
-837.7354 -115.3042 244.9428
-834.1367 -71.59591 244.701
-862.263 -61.35672 251.2804
-890.4572 -51.40339 252.7177
-905.8578 -50.0078 270.3333
-919.7188 -50.25706 287.2371
-893.4344 -56.56459 275.3316
-864.2254 -60.09956 265.6307
-874.6711 -47.54623 288.8399
-869.1899 -51.30805 297.8326
-887.0576 -34.04539 309.714
-889.5897 -39.24301 319.4011
-905.275 -59.13761 266.709
-914.1888 -58.38179 254.7686
-910.0166 -48.12845 244.2682
-925.8344 -44.05222 233.8942
-933.0366 -32.56375 226.3792
-921.8193 -26.15407 228.8151
-910.5347 -35.56663 236.9509
-896.8544 -39.36396 242.4435
-892.1076 -29.72556 236.2681
-925.2794 -14.47789 223.5891
-943.9034 -28.21384 219.6862
-936.3363 -49.854 228.7714
-924.5896 -66.02579 254.8005
-948.5756 -44.85828 306.1587
-975.7787 -38.87952 325.4513
-1012.806 -45.86642 328.1326
-1013.37 -38.0247 352.5342
-986.6133 -29.68078 348.8874
-993.6919 -21.40716 350.886
-958.5724 -23.16066 344.1855
-950.8942 -7.570788 364.2639
-970.0879 -5.316549 380.9159
-974.2574 4.472123 384.0271
-988.7977 -4.963567 396.6494
-1036.361 -39.17351 374.6572
-1059.23 -39.08587 395.2101
-1068.483 -33.42695 398.11
-1037.871 -47.1665 383.7027
-1038.156 -55.13795 391.9141
-1047.658 -57.71623 315.0598
-1080.67 -72.76999 301.7804
-1095.385 -70.58575 292.0148
-1098.342 -59.00013 293.0867
-1108.667 -75.1572 280.9917
-1113.143 -64.59085 277.0887
-1118.871 -87.60035 273.3648
-1133.048 -95.21253 255.5376
-1144.41 -80.9772 246.5826
-1143.285 -76.3129 235.8828
-1156.543 -68.29077 242.5445
-1165.424 -60.03501 247.0085
-1162.158 -61.11122 233.0966
-1138.133 -116.6263 246.9196
-1142.128 -137.1005 227.9731
-1145.104 -159.8323 212.0137
-1144.873 -184.6411 199.569
-1143.5 -210.4123 189.3325
-1143.188 -205.823 179.0244
-1142.319 -237.0937 181.2203
-1126.485 -259.4431 170.3954
-1102.497 -272.0516 158.5688
-1121.08 -274.6657 162.9902
-1123.648 -275.6293 151.7294
-1138.732 -275.8975 171.9487
-1160.475 -288.8376 179.7951
-1175.029 -276.603 189.9567
-1181.136 -276.4331 180.1211
-1187.55 -264.2074 202.8743
-1204.028 -260.4669 218.3314
-1196.206 -251.4181 206.3765
-1180.717 -250.2979 197.2596
-1163.461 -241.5037 186.1994
-1170.327 -234.9147 175.5004
-1176.702 -229.5654 166.3208
-1205.878 -244.4684 202.1949
-1221.739 -263.1821 237.6431
-1234.373 -253.3166 262.3658
-1244.853 -244.2534 288.0002
-1245.554 -221.0365 308.2153
-1231.037 -197.3724 303.5614
-1240.53 -193.1851 299.3772
-1214.185 -174.6977 299.7536
-1199.289 -158.0116 291.4666
-1208.621 -157.0865 283.7611
-1181.311 -141.2321 288.427
-1187.097 -138.1384 278.4259
-1162.318 -124.5294 290.6159
-1179.403 -129.795 300.6967
-1192.921 -144.296 303.7657
-1204.744 -159.5048 304.0378
-1188.013 -119.8675 301.7493
-1177.9 -126.1871 312.1529
-1136.325 -108.0645 285.4027
-1109.793 -89.66564 290.0672
-1138.985 -112.48 266.2788
-1149.905 -109.6571 265.8164
-1259.396 -219.2343 333.8552
-1264.228 -245.7636 315.2265
-1256.889 -263.8228 292.3129
-1276.607 -220.8156 349.4998
-1292.842 -221.7052 365.4312
-1294.474 -230.3259 372.8752
-1240.286 -247.3041 296.9294
-1244.009 -249.1395 258.3527
-1225.239 -281.5145 226.6573
-1222.685 -300.4015 215.6679
-1230.593 -316.7114 221.1771
-1242.594 -318.6383 219.6672
-1211.503 -305.6989 198.3562
-1219.331 -314.3943 194.2809
-1192.638 -309.5934 187.0782
-1198.06 -312.7769 176.9736
-1171.564 -311.8205 179.999
-1165.019 -335.8593 175.0156
-1139.323 -344.0589 159.5054
-1113.514 -351.9077 144.1815
-1220.284 -300.4489 190.6113
-1236.955 -279.5993 225.4433
-1072.369 -281.873 146.0247
-1074.609 -274.2506 138.9734
-1148.209 -179.9833 189.8939
-1153.511 -154.4722 202.7072
-1160.649 -149.3147 194.096
-1135.242 -133.2209 219.6583
-1152.318 -132.5597 224.0443
-1081.768 -75.36792 312.5033
-1055.609 -45.81295 314.9452
-1058.777 -37.17207 307.1771
-1062.957 -39.09653 321.8955
-959.2529 -47.08347 305.2946
-835.8234 -97.37064 218.003
-798.6182 -104.5039 197.2486
-799.4001 -77.88946 218.6801
-792.4599 -90.46284 233.1499
-777.105 -233.0647 70.55144
-790.4933 -230.9882 60.36236
-796.8809 -235.4632 50.40927
-801.2581 -224.4073 57.91339
-785.5552 -235.7623 77.86401
-935.3254 -315.1783 92.23466
-939.6011 -314.3249 81.19125
-999.261 -371.4058 89.48145
-1029.907 -381.3833 97.63245
-1009.34 -395.4701 83.03715
-1008.763 -409.6131 69.96691
-1018.569 -412.1062 63.31707
-1000.714 -422.1605 60.19135
-967.8393 -413.1663 51.61957
-967.8408 -426.0071 40.66042
-971.1353 -430.2043 29.03564
-965.0744 -438.3355 38.78617
-1030.745 -435.6561 65.86312
-1060.397 -445.8234 73.61954
-1089.632 -453.5856 82.72587
-1098.989 -474.8268 73.44004
-1097.187 -490.4371 75.78448
-1090.949 -500.7481 71.84423
-1101.628 -500.0351 82.42044
-1110.579 -488.6319 62.07544
-1120.569 -502.6281 52.25849
-1122.809 -502.7651 40.88568
-1129.711 -516.682 47.19064
-1140.947 -521.2969 42.8466
-1129.297 -529.1208 44.3684
-1112.178 -443.6522 100.342
-1118.792 -452.1185 96.91502
-1132.957 -431.3089 118.6566
-1160.125 -439.4201 128.0878
-1182.126 -436.625 134.4164
-1201.169 -433.453 146.5812
-1215.003 -430.148 163.5428
-1207.802 -447.2654 156.5876
-1192.909 -455.245 146.3232
-1197.264 -467.7119 145.9174
-1175.402 -452.1501 136.0858
-1175.015 -464.3647 132.7663
-1216.411 -457.0007 158.9386
-1228.851 -414.3697 181.472
-1226.872 -392.6153 192.8682
-1206.202 -376.3015 190.0183
-1190.969 -387.451 177.937
-1193.15 -398.8872 179.2718
-1246.059 -387.0459 207.3872
-1254.585 -386.7987 200.0536
-1263.069 -380.94 223.5424
-1271.266 -397.8774 219.4784
-1262.8 -411.2468 205.4688
-1271.506 -421.0341 204.3214
-1247.541 -416.7848 192.2677
-1253.494 -427.5452 189.1541
-1283.929 -391.7358 230.5007
-1294.174 -399.7446 232.152
-1286.862 -377.8609 239.8669
-1272.088 -362.9971 240.4142
-1268.493 -336.9418 254.6597
-1279.309 -322.5413 273.1153
-1289.636 -328.7593 275.5369
-1284.826 -304.4234 290.3075
-1294.187 -289.3965 308.9761
-1304.743 -295.6791 312.6031
-1303.696 -382.8186 245.6215
-1311.046 -389.6074 254.3109
-1316.684 -383.2083 243.0955
-1278.474 -408.4016 221.4005
-1211.251 -434.8567 138.7343
-1187.853 -438.5534 123.4259
-1062.58 -455.363 67.92265
-1032.865 -445.5164 59.72801
-984.8822 -400.5658 75.52924
-983.1336 -415.3336 83.67579
-980.5696 -427.9362 82.48752
-983.2306 -421.6717 94.75471
-857.9998 -385.3112 24.82833
-861.8427 -397.1476 22.62709
-867.0556 -369.3404 19.1952
-679.2534 -444.9991 -96.308
-690.3948 -450.344 -96.28994
-667.6767 -462.3004 -114.9123
-678.6981 -466.4082 -119.7127
-643.3985 -500.5671 -159.5598
-651.4449 -507.9006 -166.4693
-588.5971 -513.0089 -181.5865
-561.1642 -503.7386 -185.2941
-559.9606 -512.9117 -193.6971
-595.4912 -535.3604 -195.2155
-601.1943 -556.9954 -207.6754
-596.9677 -566.3408 -201.6579
-604.9869 -565.505 -221.8088
-599.4704 -570.7371 -232.6342
-613.9301 -566.3947 -231.3334
-607.1402 -573.9012 -214.3501
-612.2613 -590.386 -219.1575
-608.9303 -602.6258 -221.617
-622.0336 -598.1006 -222.9198
-604.0684 -538.0212 -201.5894
-550.6938 -498.7948 -170.1834
-366.7646 -430.7006 -219.2436
-334.5605 -443.0764 -232.123
-228.1299 -455.8083 -278.5297
-188.6578 -457.5775 -294.9312
-90.92179 -428.669 -314.0994
-61.83595 -415.7295 -316.4081
-60.36552 -425.1725 -321.9815
-95.69198 -433.8378 -322.4222
-67.25744 -470.2896 -348.9095
119.9438 -392.2917 -364.5201
146.5487 -359.1414 -343.3367
75.93414 -337.3764 -327.5687
62.56474 -334.1252 -337.0559
52.75658 -326.3751 -338.4432
55.84481 -337.2457 -347.4641
79.18771 -347.555 -322.228
57.32153 -312.6948 -293.446
49.55449 -284.8747 -269.1937
42.18359 -256.6607 -244.8832
35.48155 -264.2049 -248.509
35.84843 -227.5623 -220.308
30.61677 -197.7755 -195.519
-3.826775 -177.1964 -166.5043
8.820244 -137.4471 -140.1958
-11.30265 -114.1518 -113.586
-29.70553 -88.8789 -86.3882
-0.899439 -79.23615 -91.94556
30.16922 -73.49683 -102.8791
61.48084 -58.49947 -101.8149
54.81137 -42.89734 -84.95066
46.44893 -28.16644 -67.98789
39.01038 -10.76124 -53.29264
66.44179 -26.49126 -77.65481
93.3694 -42.22906 -101.6173
95.04989 -62.23917 -116.6083
110.4274 -76.5948 -132.8907
140.8294 -78.61068 -145.6672
138.985 -88.9146 -141.8491
171.8277 -78.73201 -158.9076
208.2846 -74.93124 -171.7871
205.938 -61.14988 -165.6204
203.416 -59.54212 -176.9258
244.8685 -73.84497 -186.0922
280.8914 -85.50965 -208.8951
291.8279 -105.3643 -229.2036
278.3725 -104.9542 -235.7161
267.9375 -111.0584 -234.9527
272.1698 -98.86781 -244.4736
292.4637 -113.0053 -220.5707
152.5641 -83.65968 -154.6741
116.7373 -106.4013 -158.9857
112.8187 -134.0531 -180.1623
110.0709 -162.0278 -198.9953
107.0283 -188.3874 -218.1165
68.65073 -193.6333 -207.1279
64.80424 -202.2563 -211.7499
110.4653 -172.6783 -197.5031
107.2808 -134.5524 -192.377
96.43478 -136.6186 -196.7388
110.8551 -132.6352 -203.4291
80.99252 -105.4898 -143.9513
87.13177 -88.14462 -132.5713
66.7906 -83.20303 -120.8897
75.41223 -67.8674 -113.1365
41.23746 -86.86285 -114.5781
42.93357 -112.5907 -134.5627
18.72229 -76.73264 -97.46437
-6.092649 -67.23094 -80.38847
-30.46941 -52.89094 -59.96622
-57.94944 -62.39486 -57.71173
-60.07025 -60.67968 -69.06506
-85.31132 -73.13057 -52.8498
-63.71961 -71.98571 -58.52623
-88.5547 -49.94754 -30.98596
-124.0927 -47.28926 -14.42024
-143.9647 -26.26519 11.66382
-106.1562 -12.21734 7.338779
-106.4253 -23.11823 8.726299
-78.56359 -23.27412 -14.24639
-80.91105 -25.35614 -24.33999
-32.07532 -28.31875 -39.38478
-20.77108 -14.95836 -35.65691
-9.761793 -1.613813 -28.05751
-39.46026 -7.647121 -19.2934
-22.2459 -13.94866 -46.83182
51.4584 -72.30785 -110.1613
50.08838 -69.23102 -121.4608
181.5368 -59.82161 -146.1874
210.0214 -35.00335 -137.7686
238.2997 -10.26754 -130.0135
272.5699 -2.952542 -137.4151
302.7857 10.99473 -135.1864
333.3855 25.78712 -135.6171
321.3095 47.09399 -118.1591
277.2008 30.38151 -114.2892
233.8182 12.84552 -111.3696
270.0506 34.88751 -107.649
301.2746 5.480844 -125.3079
284.3005 -12.06377 -154.0202
276.6188 -25.40392 -164.0078
268.1946 -22.24658 -171.1185
62.95678 -35.14878 -83.42788
35.72613 -6.161883 -62.46322
45.77081 -36.78093 -60.46196
21.11065 -73.60799 -117.4977
15.64535 -81.01806 -126.5595
15.73043 -66.46616 -126.6977
-5.023718 -90.02498 -91.6316
-16.86566 -123.2582 -117.4703
27.91103 -234.2933 -222.7992
47.78094 -380.637 -322.2047
-69.67655 -391.5589 -311.662
-102.3217 -340.2016 -240.9437
-91.77007 -314.2231 -225.5075
-94.66727 -276.8954 -231.8178
-103.6862 -277.4051 -246.5469
-115.1638 -278.4998 -257.8556
-127.0047 -280.7622 -259.8799
-117.0261 -277.6306 -270.272
-97.24591 -276.4185 -255.9095
-72.76646 -260.039 -199.4733
-75.80585 -216.9429 -169.2899
-85.7768 -206.732 -159.0713
-95.41035 -208.6921 -164.7034
-78.22739 -228.1695 -168.4769
-147.4336 -69.75163 -37.76063
-151.1189 -69.17694 -48.68578
-177.8318 -86.68914 -12.76783
-185.0386 -77.29652 -26.45972
-244.3771 -90.49621 -3.130294
-201.9365 27.92477 62.3659
-150.5268 28.6713 38.72534
-126.483 39.66697 58.35405
-125.7026 49.04351 53.34122
-132.2561 56.7412 78.2839
-95.75275 12.39217 18.97744
-98.17138 16.43113 8.31671
-228.9442 -17.37503 71.47081
-305.1711 18.9828 118.2263
-284.257 50.29151 132.0976
-295.2392 74.09052 153.0849
-297.5363 67.43112 160.8654
-305.6369 98.57939 173.3698
-312.8104 110.2583 162.6219
-304.9525 116.8015 158.2855
-322.377 120.2174 153.289
-331.8674 120.8783 145.2666
-324.3235 132.1722 149.2585
-312.7115 118.3686 198.6217
-314.8863 128.4207 196.0527
-319.698 137.3634 224.0543
-297.2648 159.6801 238.6797
-303.1113 161.2062 255.8606
-325.2444 175.5939 277.7707
-353.4699 166.3947 275.2747
-361.6411 178.667 278.0529
-366.897 184.6553 287.2097
-366.6535 188.3187 272.1409
-378.2868 151.5756 270.7998
-407.8177 151.0805 285.0435
-433.3199 125.1673 272.2901
-449.2085 134.2681 283.3635
-464.8495 141.1261 294.8856
-471.5507 149.6111 290.7402
-478.2432 145.572 307.3667
-485.6227 155.2956 308.3835
-488.4915 145.3509 319.0711
-520.644 118.0649 306.6766
-510.6209 93.35429 279.6554
-499.9508 68.51763 252.2317
-475.5191 66.41041 239.0599
-451.9979 64.2264 225.8255
-427.8141 58.54795 213.1618
-429.0448 56.01686 225.1838
-464.7235 63.79083 233.0198
-506.6085 41.83823 230.9973
-516.3468 33.12055 222.2148
-523.0797 41.85252 218.9099
-541.4669 32.79533 232.7336
-566.0126 29.95428 241.3241
-578.997 17.23255 238.7037
-592.1407 4.008413 235.1623
-588.1561 15.96815 240.0389
-584.6946 34.98136 252.2834
-595.9317 52.95203 269.636
-606.35 70.04642 287.0283
-616.5613 81.76452 283.9769
-628.6816 85.01643 283.7925
-617.6415 93.54682 279.9349
-602.3671 60.7071 266.1831
-602.2704 -14.42105 225.8895
-619.6353 -37.50838 218.1197
-625.16 -26.93668 235.1119
-628.4648 -31.56586 252.87
-631.0924 -35.39954 269.2158
-638.5568 -33.86972 279.5644
-626.8273 -41.49314 279.5662
-545.0981 41.48041 239.0209
-494.2392 26.70778 207.2567
-500.9574 32.1893 200.2591
-470.799 19.49185 193.7519
-446.4798 11.95975 180.325
-424.5605 -0.650113 164.0155
-445.6148 -17.41464 172.7806
-442.2737 -0.712095 185.3126
-440.595 -4.360976 196.8535
-440.0419 19.05158 191.3625
-434.8158 39.33833 201.6621
-441.4722 45.4605 194.9322
-454.0973 -13.00722 166.4163
-392.1603 1.091302 144.9285
-409.4088 30.34584 178.7843
-402.9395 37.618 173.8873
-426.7126 -26.82952 132.4649
-430.1282 -17.92483 125.7219
-356.8641 -10.34083 119.293
-379.5484 -27.76108 116.1271
-375.4864 -20.67027 109.2438
-348.619 10.47434 131.7779
-346.6631 20.16348 135.0215
-449.7786 94.88093 253.4071
-456.127 99.35482 261.4847
-411.0544 78.41884 220.4473
-392.8416 96.88602 227.7188
-400.8079 81.29517 225.567
-409.7971 86.24957 227.2889
-375.4443 98.45472 237.1441
-374.3032 92.45673 246.9682
-350.6176 117.496 246.2571
-326.7265 138.8791 252.3214
-324.6602 133.5979 262.2352
-348.4502 110.8 255.6202
-372.7858 119.7114 235.5366
-368.3306 136.5161 248.9796
-350.3548 132.1179 234.3359
-417.0113 53.98372 214.9937
-430.4988 68.27399 206.6657
-456.4985 74.99529 223.1487
-451.2697 144.321 279.1828
-406.7254 177.4768 310.499
-400.2822 200.9012 333.7147
-355.9425 226.345 340.021
-325.4369 253.0994 351.1065
-325.8735 248.153 361.443
-291.1777 276.1151 360.8035
-296.1925 286.0397 359.9842
-256.0771 297.9714 370.1664
-280.8437 293.2086 380.4457
-305.8599 285.4138 386.1082
-329.9798 275.0176 386.891
-332.1144 273.7082 398.3465
-307.9951 291.4111 396.3448
-281.6055 300.0311 390.265
-256.9159 306.2604 378.0549
-336.0977 265.2376 349.9488
-338.6098 276.5319 344.7104
-347.167 269.8956 353.5553
-320.093 222.7469 320.8673
-322.6644 198.074 301.7433
-321.4007 193.5966 316.1884
-313.2494 190.1772 324.8608
-327.6925 190.2417 326.1208
-281.9535 237.0262 315.9498
-256.2783 244.2933 303.3456
-264.6716 244.4646 295.6827
-251.8113 263.3804 305.6319
-242.0606 276.6196 312.4138
-230.6694 286.5317 319.9208
-217.5044 293.3865 327.63
-220.8419 305.0893 325.9861
-258.7172 272.6436 300.4594
-254.2291 249.41 320.5798
-250.3106 242.5768 330.5201
-260.6508 253.6573 330.3897
-417.345 188.9019 318.9194
-425.6184 197.3486 330.7617
-431.6778 208.6555 332.5784
-422.997 196.7625 312.169
-266.4512 167.1694 244.6586
-230.6094 175.4913 232.3539
-233.6706 184.3018 239.5139
-237.9459 192.9833 246.6862
-243.9135 199.4031 253.5258
-271.633 181.3244 245.9646
-276.5977 191.7081 244.2092
-262.6399 159.0693 251.7559
-307.7247 171.6499 256.7769
-299.77 156.8301 266.3698
-250.6321 63.27179 128.0921
-244.629 73.48855 123.8515
-253.7956 78.98092 118.3885
-231.0725 78.27142 123.8644
-232.718 89.79682 122.1118
-217.1288 75.20805 124.3317
-296.1468 -58.01936 44.78036
-299.251 -49.13472 38.09783
-332.3582 -95.31541 34.26751
-315.9595 -111.6684 13.14547
-315.7234 -122.8737 13.16709
-316.1731 -88.74808 24.97524
-319.6735 -84.84367 15.01835
-278.674 -82.42123 8.091872
-359.2149 -218.4719 -47.19519
-430.0363 -210.7301 -41.74075
-472.3847 -184.9247 28.54858
-536.2976 -129.291 94.28223
-531.0861 -135.43 102.6839
-403.3154 -123.495 42.02449
-399.1072 -133.3236 47.16777
-450.0396 -122.7784 78.38864
-479.6136 -103.7028 75.15591
-469.8945 -54.85196 116.1389
-437.1742 -53.57786 106.5994
-404.3726 -39.41589 104.8056
-466.5876 -49.0572 192.9978
-599.7727 -118.3798 132.907
-555.3127 -121.1053 81.02335
-606.1269 -148.3664 63.0052
-622.6301 -138.4629 80.41036
-627.5219 -58.2218 183.8548
-629.0027 -48.20211 178.4316
-743.5753 -168.6368 152.2393
-938.1203 -295.5561 126.1166
-958.2419 -321.6772 115.2495
-1013.074 -284.7735 121.6578
-1322.172 -243.3107 367.5009
-1333.897 -169.2841 446.4956
-1321.855 -118.8854 480.0095
-1253.361 -91.17336 467.9478
-1225.002 -79.65787 463.532
-1262.148 -80.27957 479.0298
-1265.882 -77.53171 491.4108
-1269.438 -69.62777 480.6388
-1292.968 -158.2087 379.2667
-1299.271 -146.7813 378.5446
-1303.191 -157.6097 371.1049
-1264.461 -194.1627 355.8392
-1237.562 -188.945 378.9933
-1221.396 -167.2294 392.8469
-1246.731 -154.9178 430.5833
-1167.802 -61.30405 446.5588
-1145.273 -53.84873 436.9268
-1144.847 -41.58395 440.0214
-943.3068 33.99598 419.2312
-867.5433 59.54194 404.3598
-839.2224 72.6919 410.1838
-828.287 82.26258 418.5458
-812.7921 82.71066 407.8338
-782.4146 91.71737 396.4363
-784.7292 94.02393 407.9272
-742.8641 102.9317 389.5173
-706.0682 114.2621 383.8859
-706.9299 122.1622 392.3228
-729.2158 101.7365 380.8508
-746.3284 86.32169 371.4413
-764.4578 94.24748 385.9795
-767.8782 109.221 393.6736
-772.9673 120.9918 392.4256
-767.249 116.3227 404.7476
-745.4272 65.91171 350.3968
-745.5198 61.69809 361.0157
-750.5144 75.83497 348.062
-743.3765 44.88348 328.048
-752.1016 50.80979 329.2975
-662.0883 129.0636 379.1456
-666.2137 135.6543 387.5298
-812.8378 84.38771 396.489
-817.7795 95.28091 394.1781
-841.7651 73.30494 399.2229
-851.6221 80.46419 398.5744
-833.8879 89.62302 433.5943
-839.8496 99.71074 439.2184
-834.4792 88.72247 446.5233
-922.2525 32.19674 387.4987
-877.9978 1.218483 341.4201
-847.9099 6.165126 333.8017
-832.2837 8.21401 343.8965
-837.905 20.95924 333.4187
-750.7562 3.147435 288.712
-722.3666 1.343647 264.8396
-583.3694 122.4778 340.8515
-529.8798 182.6311 373.8745
-489.9879 192.4978 365.2606
-493.9593 200.3275 373.3649
-356.4829 291.3112 411.586
-343.4672 315.6491 431.301
-291.7741 351.4539 445.4147
-241.6461 346.4368 416.6118
-92.34757 349.8205 353.507
-90.40469 354.0105 368.8918
-88.16832 357.3319 383.7503
-85.55032 352.2318 394.7473
-87.25568 366.8455 391.2527
-202.0408 309.4727 366.4252
-172.5279 300.1592 329.3668
-175.4476 309.9692 325.8533
-113.6257 300.5879 287.0833
-132.211 309.3354 304.9371
-17.52601 398.4282 386.076
86.2607 438.6732 378.1759
65.69676 428.8654 387.2098
123.2208 412.6067 318.3566
222.9664 403.7223 281.253
225.6784 409.5771 289.6171
152.2253 461.144 368.4933
190.3573 484.1935 401.6896
281.3507 450.1148 296.2334
280.3595 397.5132 269.9941
280.344 392.5655 280.8828
292.1414 397.0056 271.2841
212.8252 338.7737 146.7951
223.5506 341.9689 149.4657
215.0184 355.6232 138.594
222.0207 359.5287 129.5728
214.1442 370.9396 135.1653
214.3719 382.9448 131.0114
223.032 301.2924 135.0233
326.3768 238.8272 49.27433
354.701 212.7229 17.70389
350.4904 206.9879 29.79715
339.9858 203.3944 33.59063
354.4462 202.8997 40.43527
249.9808 249.4106 65.58318
250.3488 255.04 55.01453
254.855 259.2933 70.03794
8.01452 161.3301 96.37673
-20.9705 140.9424 91.31957
-15.83685 110.0907 64.00055
-17.1788 120.1565 62.98457
-10.67782 78.93425 36.48702
-14.30036 91.31493 29.13337
-9.227882 100.733 23.60838
-23.7998 97.44515 24.48888
-6.757288 76.05408 46.81673
15.08561 154.4253 93.15572
30.65595 201.2227 102.4251
24.4986 218.6301 118.0149
-30.53299 226.4666 139.7324
-34.42694 234.8996 128.8342
-37.89983 242.2513 119.6525
-61.42161 206.7858 147.3975
-51.60786 182.6403 124.3208
-54.27099 156.3298 103.8444
-168.4561 95.00726 126.7772
-186.0441 112.1387 144.0475
-60.8828 38.49578 42.70345
22.1485 15.6636 -42.07868
94.68908 80.79466 -52.0643
86.83719 88.77702 -58.33397
96.33278 79.93437 -64.60439
117.2276 98.16089 -45.70593
172.3944 -45.17876 -125.3653
309.6312 18.34408 -163.9474
322.4032 6.354673 -164.5233
326.6421 41.90794 -152.5984
326.0073 -97.47801 -248.1619
327.6194 -142.5312 -287.4246
271.2887 -245.2897 -332.931
228.558 -221.6107 -290.5323
224.2357 -231.1708 -289.2017
232.5699 -285.6007 -325.1305
244.1016 -284.0026 -337.4365
229.3668 -275.1065 -344.3405
157.4878 -254.5331 -294.1997
150.9841 -252.4736 -304.133
159.5931 -270.9003 -280.3162
132.5527 -231.3466 -259.5244
127.984 -240.4948 -253.257
122.6797 -230.8189 -266.1233
229.9706 -184.7927 -275.4843
262.0721 -177.0087 -260.671
282.7726 -148.9191 -274.1986
274.6067 -143.1828 -281.4437
281.1536 -156.8757 -283.3558
358.628 -156.2165 -310.3506
391.3034 -172.6686 -352.4515
388.2852 -170.0936 -368.9775
386.8603 -161.6547 -378.4965
385.8764 -175.4715 -380.4172
394.2547 -214.0466 -336.045
364.3153 -228.7523 -336.8664
227.5409 -419.3068 -424.76
374.5359 -365.1784 -440.7845
435.8219 -326.9468 -434.5973
570.4459 -316.529 -472.2574
695.8151 -153.4674 -392.307
673.9305 -92.39325 -345.8182
646.5167 -73.99902 -321.7985
686.5083 -69.14663 -328.9332
688.084 -79.56059 -323.7014
717.4385 -44.84305 -334.7145
816.6628 -33.97572 -359.4782
822.0043 -46.20496 -349.186
843.5615 3.92922 -317.4146
820.3947 1.431698 -301.745
828.8495 -14.48316 -291.6264
838.6365 -27.76944 -281.101
847.064 -37.8676 -283.2807
835.6272 -37.92917 -273.1259
847.2901 -28.0877 -271.1177
824.8327 -24.67542 -293.7644
840.8166 9.106275 -329.4077
838.7363 13.9308 -340.1622
653.3615 -57.12214 -293.0163
606.3181 -27.18381 -315.3757
604.7698 -24.81919 -331.2371
603.4409 -21.56189 -343.5225
607.4548 -15.75227 -319.7245
576.4198 -28.29984 -294.3737
522.616 69.73521 -187.3667
482.114 95.03908 -164.4023
475.1131 97.65345 -180.3116
475.6916 95.71941 -193.1571
466.2169 103.6912 -187.7019
488.731 111.2931 -156.8168
482.4243 119.1187 -163.6001
498.7365 123.6361 -145.6388
495.0302 131.6426 -120.7058
470.7739 138.7633 -107.3513
513.1371 134.9013 -123.1668
535.2986 111.8301 -141.4318
537.5212 101.4529 -136.0933
472.2476 143.9943 -97.02849
467.078 154.6107 -113.3552
468.7705 167.2937 -111.8999
461.1099 161.9012 -122.269
511.2452 123.0697 -165.0184
508.6791 131.816 -173.1389
414.1234 53.11377 -150.8082
417.8228 44.54021 -134.0095
348.0476 77.38655 -106.9754
377.4984 127.8361 -118.4803
367.747 132.9412 -117.2204
369.6494 142.0782 -134.2589
369.3186 141.8512 -145.8752
361.6461 156.2616 -146.1417
351.5805 163.1963 -146.4193
359.1545 166.2647 -158.7688
355.9206 174.5785 -168.0469
404.0303 173.9995 -17.51354
508.304 173.1097 -64.47569
532.364 159.9814 -87.93778
526.518 160.1439 -75.96411
532.2836 159.5489 -62.53796
537.1943 158.7063 -51.35739
406.1061 281.1231 51.08028
350.2762 284.0824 1.023772
362.2667 291.2503 3.433883
368.906 246.4012 -40.32308
364.1431 223.6931 -52.11705
362.0205 198.5966 -59.71336
361.1511 170.8343 -61.19921
372.064 138.0263 -53.90498
455.1676 115.255 -85.84384
597.0447 140.4367 -122.4425
634.9902 147.1831 -131.1388
564.4952 164.3414 -109.8754
546.0861 174.829 -169.5139
541.6344 164.495 -189.6088
532.8552 147.3713 -207.3178
539.5593 150.652 -218.5008
527.2853 155.6338 -216.7115
553.0139 91.26567 -184.1338
672.9052 121.6499 -158.7684
847.0821 145.2177 -174.3226
892.36 155.8888 -170.3933
897.9821 162.028 -160.981
897.5799 147.7434 -162.4249
952.7466 154.6142 -228.3712
963.6139 164.0849 -232.4101
963.2377 153.2988 -243.1976
971.205 162.0537 -248.2033
971.5104 177.6398 -229.262
977.907 188.4727 -227.4638
906.3892 148.124 -250.0516