0 1
2 3
2 4
3 4
5 1
6 7
8 9
10 11
12 13
14 12
14 13
15 16
15 17
16 17
18 19
20 19
21 22
23 24
25 26
27 28
27 29
27 30
27 31
28 29
28 30
28 31
29 30
29 31
30 31
32 33
32 34
32 35
32 36
32 37
32 38
32 39
32 40
32 41
32 42
32 43
33 34
33 35
33 36
33 37
33 38
33 39
33 40
33 41
33 42
33 43
34 35
34 36
34 37
34 38
34 39
34 40
34 41
34 42
34 43
35 36
35 37
35 38
35 39
35 40
35 41
35 42
35 43
36 37
36 38
36 39
36 40
36 41
36 42
36 43
37 38
37 39
37 40
37 41
37 42
37 43
38 39
38 40
38 41
38 42
38 43
39 40
39 41
39 42
39 43
40 41
40 42
40 43
41 42
41 43
42 43
44 45
46 47
48 49
50 51
50 52
51 52
53 54
55 56
57 58
59 60
59 27
60 27
61 62
63 64
65 66
67 68
67 69
68 69
70 71
72 73
74 75
76 77
76 51
76 78
77 51
77 78
51 78
79 80
81 82
83 84
84 85
86 87
86 88
87 88
89 3
89 4
90 91
90 92
91 92
93 94
95 96
95 97
96 97
98 99
19 100
100 18
101 18
102 103
102 104
103 104
18 105
18 106
19 105
19 106
105 100
105 106
100 106
107 108
107 109
108 109
60 110
60 111
110 111
112 113
112 114
113 114
115 116
115 117
115 118
115 119
116 117
116 118
116 119
117 118
117 119
118 119
120 107
120 121
107 121
122 123
106 124
106 125
124 125
126 4
126 3
127 128
129 130
131 132
131 133
132 133
134 135
136 137
138 139
140 141
142 143
142 144
142 145
142 9
143 144
143 145
143 9
144 145
144 9
145 9
146 147
148 149
150 151
152 153
154 155
156 157
158 159
160 161
162 163
164 165
166 167
166 168
167 168
32 169
32 170
169 170
107 171
107 172
171 172
173 174
108 121
175 176
175 177
176 177
178 179
178 180
178 181
179 180
179 181
180 181
179 182
178 182
183 184
185 186
185 187
186 187
188 189
190 191
190 192
190 193
191 192
191 193
192 193
194 195
196 197
196 198
197 198
199 200
201 202
201 203
201 204
201 205
202 203
202 204
202 205
203 204
203 205
204 205
206 207
208 209
208 210
209 210
190 211
190 212
211 212
213 214
215 216
215 217
215 218
215 219
216 217
216 218
216 219
217 218
217 219
218 219
178 220
221 222
8 223
8 224
223 224
225 226
227 228
225 229
230 66
193 231
231 191
232 211
232 189
211 189
192 189
189 191
189 193
233 234
235 236
200 237
238 239
238 240
239 240
241 242
241 243
242 243
244 245
246 151
247 149
248 249
237 250
200 250
251 252
253 254
255 256
255 195
255 257
255 258
255 259
255 194
256 195
256 257
256 258
256 259
256 194
195 257
195 258
195 259
257 258
257 259
257 194
258 259
258 194
259 194
144 260
261 262
263 264
263 265
264 265
266 267
268 208
267 209
269 270
167 169
271 69
272 273
274 236
237 185
275 276
277 270
278 279
280 166
280 167
278 208
281 282
75 283
284 285
286 287
288 66
287 289
290 291
230 292
293 294
295 296
297 298
297 299
298 299
300 301
302 303
304 305
306 229
306 307
306 308
306 309
229 307
229 308
229 309
307 308
307 309
308 309
310 311
310 312
311 312
313 314
313 315
314 315
316 317
318 319
320 321
320 322
320 323
320 324
320 325
320 326
320 327
320 328
320 329
320 240
320 330
320 331
320 332
320 333
320 334
320 335
320 336
320 337
320 338
320 339
320 340
320 341
320 342
320 343
320 344
321 322
321 323
321 324
321 325
321 326
321 327
321 328
321 329
321 240
321 330
321 331
321 332
321 333
321 334
321 335
321 336
321 337
321 338
321 339
321 340
321 341
321 342
321 343
321 344
322 323
322 324
322 325
322 326
322 327
322 328
322 329
322 240
322 330
322 331
322 332
322 333
322 334
322 335
322 336
322 337
322 338
322 339
322 340
322 341
322 342
322 343
322 344
323 324
323 325
323 326
323 327
323 328
323 329
323 240
323 330
323 331
323 332
323 333
323 334
323 335
323 336
323 337
323 338
323 339
323 340
323 341
323 342
323 343
323 344
324 325
324 326
324 327
324 328
324 329
324 240
324 330
324 331
324 332
324 333
324 334
324 335
324 336
324 337
324 338
324 339
324 340
324 341
324 342
324 343
324 344
325 326
325 327
325 328
325 329
325 240
325 330
325 331
325 332
325 333
325 334
325 335
325 336
325 337
325 338
325 339
325 340
325 341
325 342
325 343
325 344
326 327
326 328
326 329
326 240
326 330
326 331
326 332
326 333
326 334
326 335
326 336
326 337
326 338
326 339
326 340
326 341
326 342
326 343
326 344
327 328
327 329
327 240
327 330
327 331
327 332
327 333
327 334
327 335
327 336
327 337
327 338
327 339
327 340
327 341
327 342
327 343
327 344
328 329
328 240
328 330
328 331
328 332
328 333
328 334
328 335
328 336
328 337
328 338
328 339
328 340
328 341
328 342
328 343
328 344
329 240
329 330
329 331
329 332
329 333
329 334
329 335
329 336
329 337
329 338
329 339
329 340
329 341
329 342
329 343
329 344
240 330
240 331
240 332
240 333
240 334
240 335
240 336
240 337
240 338
240 339
240 340
240 341
240 342
240 343
240 344
330 331
330 332
330 333
330 334
330 335
330 336
330 337
330 338
330 339
330 340
330 341
330 342
330 343
330 344
331 332
331 333
331 334
331 335
331 336
331 337
331 338
331 339
331 340
331 341
331 342
331 343
331 344
332 333
332 334
332 335
332 336
332 337
332 338
332 339
332 340
332 341
332 342
332 343
332 344
333 334
333 335
333 336
333 337
333 338
333 339
333 340
333 341
333 342
333 343
333 344
334 335
334 336
334 337
334 338
334 339
334 340
334 341
334 342
334 343
334 344
335 336
335 337
335 338
335 339
335 340
335 341
335 342
335 343
335 344
336 337
336 338
336 339
336 340
336 341
336 342
336 343
336 344
337 338
337 339
337 340
337 341
337 342
337 343
337 344
338 339
338 340
338 341
338 342
338 343
338 344
339 340
339 341
339 342
339 343
339 344
340 341
340 342
340 343
340 344
341 342
341 343
341 344
342 343
342 344
343 344
345 346
347 348
349 350
351 352
353 354
355 356
357 358
357 359
357 360
358 359
358 360
359 360
361 362
363 364
365 366
363 367
364 367
368 369
347 228
370 371
372 373
374 375
374 376
375 376
377 378
379 380
379 89
380 89
381 186
382 383
186 189
384 385
386 387
388 389
390 391
390 303
390 392
391 303
391 392
303 392
190 393
190 189
393 189
394 302
394 303
394 392
302 392
395 396
397 398
399 400
399 401
400 401
402 403
224 189
404 405
406 207
407 213
391 223
408 409
408 410
409 410
391 411
391 412
411 412
413 414
415 416
417 418
419 420
419 421
419 422
419 353
419 423
419 424
419 425
419 426
419 427
419 428
419 429
419 430
419 431
419 432
419 358
419 433
419 434
419 435
419 436
419 437
420 421
420 422
420 353
420 423
420 424
420 425
420 426
420 427
420 428
420 429
420 430
420 431
420 432
420 358
420 433
420 434
420 435
420 436
420 437
421 422
421 353
421 423
421 424
421 425
421 426
421 427
421 428
421 429
421 430
421 431
421 432
421 358
421 433
421 434
421 435
421 436
421 437
422 353
422 423
422 424
422 425
422 426
422 427
422 428
422 429
422 430
422 431
422 432
422 358
422 433
422 434
422 435
422 436
422 437
353 423
353 424
353 425
353 426
353 427
353 428
353 429
353 430
353 431
353 432
353 358
353 433
353 434
353 435
353 436
353 437
423 424
423 425
423 426
423 427
423 428
423 429
423 430
423 431
423 432
423 358
423 433
423 434
423 435
423 436
423 437
424 425
424 426
424 427
424 428
424 429
424 430
424 431
424 432
424 358
424 433
424 434
424 435
424 436
424 437
425 426
425 427
425 428
425 429
425 430
425 431
425 432
425 358
425 433
425 434
425 435
425 436
425 437
426 427
426 428
426 429
426 430
426 431
426 432
426 358
426 433
426 434
426 435
426 436
426 437
427 428
427 429
427 430
427 431
427 432
427 358
427 433
427 434
427 435
427 436
427 437
428 429
428 430
428 431
428 432
428 358
428 433
428 434
428 435
428 436
428 437
429 430
429 431
429 432
429 358
429 433
429 434
429 435
429 436
429 437
430 431
430 432
430 358
430 433
430 434
430 435
430 436
430 437
431 432
431 358
431 433
431 434
431 435
431 436
431 437
432 358
432 433
432 434
432 435
432 436
432 437
358 433
358 434
358 435
358 436
358 437
433 434
433 435
433 436
433 437
434 435
434 436
434 437
435 436
435 437
436 437
438 439
440 51
440 441
51 441
442 443
444 445
446 447
448 449
450 451
450 255
451 255
452 453
452 454
453 454
322 455
323 455
324 455
325 455
326 455
327 455
320 455
328 455
329 455
240 455
330 455
331 455
332 455
333 455
334 455
335 455
336 455
337 455
321 455
338 455
339 455
340 455
455 341
455 342
455 343
455 344
456 457
458 447
458 446
459 460
459 461
460 461
462 463
462 464
462 465
463 464
463 465
464 465
57 466
467 468
467 469
467 470
467 471
468 469
468 470
468 471
469 470
469 471
470 471
472 473
472 474
473 474
470 475
471 475
99 213
99 476
99 477
213 476
213 477
476 477
214 478
479 480
479 481
480 481
482 483
484 485
486 487
486 371
486 370
487 371
487 370
488 56
419 489
490 491
393 185
393 186
208 492
493 237
494 273
494 272
494 54
273 54
272 54
301 495
301 496
495 496
208 279
497 498
208 267
211 499
500 501
502 97
503 504
503 293
504 293
399 505
506 507
508 483
509 510
509 189
510 189
511 230
512 513
189 514
515 224
515 189
516 517
518 519
518 520
519 520
521 522
230 523
524 511
525 69
524 526
524 527
526 527
408 528
409 528
408 529
408 530
408 531
529 530
529 409
529 531
530 409
530 531
409 531
532 526
66 533
534 208
535 209
209 534
536 209
536 267
194 537
194 538
537 538
189 536
536 534
539 274
540 541
540 542
541 542
543 544
456 545
456 354
545 457
545 354
457 354
546 18
356 376
547 548
492 536
209 279
549 550
549 551
549 542
550 551
550 542
551 542
552 542
552 553
542 553
554 555
45 556
557 551
557 542
558 559
558 560
559 560
83 542
561 562
272 563
273 563
564 565
564 566
564 567
565 566
565 567
566 567
568 569
570 571
572 569
573 362
574 575
574 513
574 576
575 513
575 576
513 576
577 578
577 579
577 580
578 579
578 580
579 580
133 362
362 132
581 582
583 584
583 585
584 585
586 587
249 285
588 589
588 585
589 585
590 591
590 243
591 243
592 593
594 595
337 596
337 597
596 597
598 197
598 515
197 515
599 226
600 601
600 602
600 603
601 602
601 603
602 603
421 604
605 606
605 489
606 489
607 608
151 609
610 225
610 611
225 611
612 613
614 615
616 617
618 619
620 285
248 621
622 533
623 247
624 384
624 385
230 533
625 626
623 146
623 147
627 628
627 629
628 629
630 36
630 631
630 632
36 631
36 632
631 632
633 156
633 484
633 634
484 634
484 156
634 156
635 636
635 637
636 637
638 639
640 613
640 612
641 642
643 640
644 645
646 647
648 430
649 155
499 189
14 650
651 14
651 650
652 653
652 654
652 655
652 656
653 654
653 655
653 656
654 655
654 656
655 656
657 658
659 660
659 661
660 661
662 663
226 261
664 665
1 3
265 666
659 667
659 12
667 12
668 659
659 669
659 670
659 671
12 669
12 670
12 671
669 670
669 671
670 671
672 673
674 675
674 676
675 676
677 678
677 679
678 679
680 465
681 682
682 683
683 681
682 35
682 684
345 685
345 686
685 686
687 688
689 690
689 691
690 691
570 692
683 693
683 35
683 87
693 35
693 87
35 87
694 695
40 684
316 696
676 572
676 697
674 572
674 697
572 697
698 265
699 11
700 11
701 571
702 643
703 704
705 192
705 189
705 193
189 706
707 708
709 710
711 712
711 713
712 713
714 715
716 717
718 53
719 718
720 721
509 722
702 723
724 480
725 726
704 727
728 611
728 196
611 196
211 729
706 211
730 731
732 733
734 735
736 737
738 101
739 740
741 737
742 743
659 13
659 14
744 745
746 747
746 748
746 749
747 748
747 749
748 749
750 751
752 732
752 753
732 753
659 754
659 755
754 755
756 757
756 758
757 758
249 587
249 586
759 760
759 761
762 763
734 210
764 247
764 149
211 765
153 766
564 767
565 767
768 769
768 770
769 770
771 565
771 564
772 773
768 774
768 775
769 774
769 775
770 774
770 775
774 775
574 520
769 776
776 768
771 21
777 212
778 779
778 780
779 780
699 769
699 781
781 769
782 480
783 784
783 785
783 353
783 786
784 785
784 353
784 786
785 353
785 786
353 786
564 787
565 787
788 250
564 789
564 790
789 565
789 790
565 790
393 515
393 791
792 793
792 794
793 794
795 449
795 448
791 186
796 797
796 798
796 799
797 798
797 799
798 799
800 801
802 732
802 803
732 803
804 805
192 806
193 806
191 806
807 133
211 191
211 192
211 193
151 808
151 250
808 250
248 587
248 586
809 810
193 611
193 610
192 611
192 610
191 611
191 610
811 812
278 209
403 813
813 402
570 303
814 468
720 628
720 468
720 815
720 627
628 468
628 815
468 815
468 627
815 627
816 694
816 817
816 818
816 91
694 817
694 818
694 91
817 818
817 91
818 91
734 799
819 820
821 822
821 823
822 823
824 825
361 133
558 826
827 716
828 829
624 211
211 385
830 831
832 825
197 381
464 189
833 190
672 834
672 835
834 835
836 837
838 839
272 840
273 840
841 842
843 440
843 441
362 844
844 133
250 468
845 846
847 132
847 133
848 209
848 628
209 628
232 706
735 849
522 850
851 852
853 854
853 855
853 856
855 856
855 854
856 854
857 858
857 582
858 582
857 859
858 859
405 860
405 861
860 861
862 442
863 796
763 864
865 866
510 722
867 76
867 774
76 774
509 865
310 868
869 865
870 287
871 872
571 873
874 875
876 696
102 877
102 878
877 878
366 879
365 879
880 755
881 882
883 480
863 599
884 885
884 886
885 886
887 888
808 237
889 691
890 852
891 892
893 894
701 97
895 896
547 354
895 97
897 815
897 209
897 628
815 209
898 97
899 900
901 225
901 406
225 406
902 517
903 904
905 156
905 634
906 517
906 902
907 72
907 83
72 83
908 853
908 854
621 246
621 909
621 469
621 910
246 909
246 469
246 910
246 248
909 469
909 910
909 248
469 910
469 248
910 248
911 640
911 808
911 250
640 808
640 250
97 912
720 913
720 914
913 914
898 895
915 916
241 917
918 917
919 920
919 921
920 921
922 920
923 924
923 925
924 925
896 97
896 912
926 927
928 851
928 227
851 227
929 930
931 852
97 932
97 708
97 571
932 708
932 571
708 571
44 931
360 97
933 934
935 97
936 937
936 938
936 939
936 940
937 938
937 939
937 940
938 939
938 940
939 940
360 571
360 888
571 888
888 97
536 268
941 651
941 942
651 942
941 669
941 943
669 943
944 945
944 481
945 481
481 946
475 481
475 479
944 946
88 772
947 948
852 949
950 951
952 527
953 954
947 772
947 955
772 955
956 957
956 958
957 958
127 539
88 244
366 852
365 852
879 852
959 960
961 962
963 960
225 964
965 966
967 457
88 968
969 970
969 971
969 406
970 971
970 406
971 406
972 973
974 975
976 977
742 88
978 907
978 979
978 83
978 557
907 979
907 557
979 83
979 557
83 557
742 980
675 981
982 868
762 983
762 984
762 868
974 484
801 779
889 985
889 986
889 584
985 986
985 584
986 584
304 987
801 988
88 989
901 207
88 990
772 990
206 991
206 992
991 992
206 993
994 995
762 285
762 284
285 996
997 145
997 998
145 998
284 863
863 285
308 249
6 509
801 285
801 996
999 108
999 19
108 19
484 910
509 1000
509 7
801 1001
1002 994
478 68
478 213
68 213
213 69
879 1003
879 1004
366 1003
366 1004
1003 1004
847 605
1005 419
485 910
1006 1007
1008 1009
1008 812
349 812
1010 1011
349 1012
1012 812
1013 1014
851 949
787 1015
520 575
244 1016
1017 1018
1017 1019
1018 1019
203 1020
203 1021
1020 1021
629 1022
629 1023
629 1024
1022 1023
1022 1024
1022 627
1023 1024
1023 627
1024 627
1025 1023
1025 1026
1023 1026
1027 408
1028 127
1029 194
1030 1031
468 985
1025 468
1025 985
1025 986
468 986
1032 986
1033 1034
1035 828
1036 505
931 1037
1037 852
199 184
931 84
852 84
141 1038
141 1039
141 1040
141 1041
1039 1040
1039 1041
1039 1038
1040 1041
1040 1038
1041 1038
1042 1043
656 639
1044 854
1044 853
1045 1046
1045 1044
1046 1044
711 1047
1048 535
1048 266
1048 1049
535 266
535 1049
266 1049
1050 1051
1052 1053
484 1054
1054 1055
305 1036
1056 1057
1056 585
1057 585
1058 1049
1059 1060
1059 1061
1059 1062
1060 1061
1060 1062
1061 1062
1063 471
1063 1064
471 1064
1065 1066
1065 1023
1066 1023
802 1067
732 1067
803 1067
403 1007
1023 910
1068 1069
1068 1070
1069 1070
406 468
406 470
142 1071
584 1072
584 1073
1072 986
1072 1073
986 1073
1074 1075
656 638
1076 986
1077 91
470 910
1078 1079
1080 1081
618 1082
88 773
1083 349
1083 732
1083 1084
349 732
349 1084
732 1084
1085 1086
1087 1088
1087 1082
1087 1089
1087 1090
1087 618
1088 1082
1088 1089
1088 1090
1088 618
1082 1089
1082 1090
1089 1090
1089 618
1090 618
480 770
651 1091
942 1091
1092 1093
886 1094
879 1095
1095 366
1096 1097
1096 1085
1096 1098
1096 1099
1096 1100
1097 1085
1097 1098
1097 1099
1097 1100
1085 1098
1085 1099
1085 1100
1098 1099
1098 1100
1099 1100
297 1081
565 1101
565 1084
1101 1084
298 539
299 539
1102 285
1102 665
285 665
1103 1104
1103 1105
1103 1106
1104 1105
1104 1106
1105 1106
1107 931
1108 1030
1109 1110
1109 1111
1110 1111
697 1112
1113 1114
879 1115
879 1116
1095 1115
1095 1116
366 1115
366 1116
1115 1116
957 1113
949 708
852 708
134 478
134 213
1117 658
1117 775
1117 405
658 775
658 405
775 405
1118 942
1118 1091
1109 931
511 66
643 226
928 852
1119 405
1119 14
405 14
1120 1121
779 187
778 187
780 187
1119 774
405 774
480 1122
480 1123
480 301
1122 1123
1122 301
1123 301
1124 504
729 1125
729 51
1125 51
1125 1126
1125 1127
729 1126
729 1127
51 1126
51 1127
1126 1127
935 571
270 708
1128 1129
1130 274
1119 658
658 14
1131 576
1131 1132
1131 520
576 1132
576 520
1132 520
460 1128
1133 968
1134 1135
1119 651
651 405
1136 1137
274 1138
1139 1140
1139 829
1139 1141
1140 829
1140 1141
829 1141
1142 1143
697 1111
1144 1145
1144 1146
1145 1146
1147 1125
1147 698
1125 698
1148 1149
1148 1150
1148 1151
1148 1152
1148 1153
1148 1154
1149 1150
1149 1151
1149 1152
1149 1153
1149 1154
1150 1151
1150 1152
1150 1153
1150 1154
1151 1152
1151 1153
1151 1154
1152 1153
1152 1154
1153 1154
453 774
1155 1156
1155 1157
1155 1158
1156 1157
1156 1158
1157 1158
571 502
1159 39
1159 36
1159 1160
1159 306
1159 1161
1159 1162
39 1160
39 306
39 1161
39 1162
36 1160
36 306
36 1161
36 1162
1160 306
1160 1161
1160 1162
306 1161
306 1162
1161 1162
304 1163
305 1163
1164 874
1165 1166
1165 368
1165 1167
1166 368
1166 1167
368 1167
1168 1169
1170 1171
1172 1169
1159 369
1160 369
1097 1173
1174 484
1174 156
1170 1160
202 1175
203 1175
1175 204
1176 828
1174 1029
1174 194
1177 1096
1177 130
1096 130
1143 391
873 932
873 97
201 1175
1178 1179
1180 1173
1181 1078
1182 1183
44 879
44 366
1184 1185
294 873
0 3
0 126
0 780
3 780
126 780
126 1
780 1
1175 1186
1187 1188
994 1189
1182 345
1190 1191
1190 920
1191 920
1192 1190
1193 1194
446 1195
1196 1197
1144 1198
1144 1199
1144 42
1144 43
1144 1200
1144 670
1144 1201
1144 946
1144 38
1144 1202
1144 168
1144 50
1144 1203
1198 1199
1198 42
1198 43
1198 1200
1198 670
1198 1201
1198 946
1198 38
1198 1202
1198 168
1198 50
1198 1203
1199 42
1199 43
1199 1200
1199 670
1199 1201
1199 946
1199 38
1199 1202
1199 168
1199 50
1199 1203
42 1200
42 670
42 1201
42 946
42 1202
42 168
42 50
42 1203
43 1200
43 670
43 1201
43 946
43 1202
43 168
43 50
43 1203
1200 670
1200 1201
1200 946
1200 38
1200 1202
1200 168
1200 50
1200 1203
670 1201
670 946
670 38
670 1202
670 168
670 50
670 1203
1201 946
1201 38
1201 1202
1201 168
1201 50
1201 1203
946 38
946 1202
946 168
946 50
946 1203
38 1202
38 168
38 50
38 1203
1202 168
1202 50
1202 1203
168 50
168 1203
50 1203
1204 1205
1204 1206
1205 1206
709 1207
709 1208
1207 1208
163 1204
960 1209
1210 163
576 1211
1211 1131
1211 1132
1212 1213
1212 1214
1213 1214
1215 709
1216 90
1217 40
1218 1219
1144 39
1144 1159
1144 1160
1144 389
1144 369
39 389
39 369
1159 389
1160 389
389 369
1220 1144
1144 1221
1222 1223
1222 824
1223 824
1195 439
439 446
1210 1224
1210 1225
1224 1225
878 104
878 1226
104 1226
957 569
1227 1228
528 1229
75 1230
283 1230
1231 1232
1231 1233
1232 1233
1234 14
1234 440
1234 1235
14 440
14 1235
440 1235
1236 283
1236 75
1090 1237
1238 1239
1240 914
1241 1242
1241 1243
1241 1244
1242 1243
1242 1244
1243 1244
307 1245
1246 1247
814 33
1248 1249
916 1250
256 480
256 1251
480 1251
1252 1253
661 1254
1254 660
438 571
1255 914
1256 1257
807 1258
1259 1260
1259 1261
1260 1261
101 106
1210 1262
1210 1263
1262 1263
1264 1265
1266 139
1139 1267
1139 1268
1139 1269
1267 1268
1267 1269
1268 1269
939 1265
1265 937
1265 936
1265 940
1265 938
1255 1270
1271 1272
1271 63
1272 63
88 1273
814 169
1159 1046
272 1274
488 1275
1276 1277
679 1278
679 1279
1278 1279
679 1280
1280 1279
100 20
20 18
1272 1281
607 408
438 1282
1282 439
1283 809
1284 1285
678 1286
677 1286
1231 520
1232 520
1233 520
1287 1288
782 1289
1290 1291
1292 1293
1292 1294
1292 1295
1292 1291
1293 1294
1293 1295
1293 1291
1294 1295
1294 1291
1295 1291
1292 1290
194 1296
1295 1297
1291 1297
1298 850
834 1299
1300 1301
1300 847
1301 847
1301 1302
1303 1240
1299 1304
1305 728
198 385
198 728
385 728
1144 1306
1159 1307
1159 1247
1307 1247
1308 127
1308 1028
1309 1310
1109 571
224 951
1144 1258
1258 1306
1311 782
1307 797
1307 1236
1307 1312
1307 864
797 1236
797 1312
797 864
1236 1312
1236 864
1312 864
582 1133
1232 1313
1233 1313
1231 1313
779 1314
1315 755
1117 1316
1117 769
1117 1317
1117 1318
1117 440
1117 679
1316 769
1316 1317
1316 1318
1316 440
1316 679
769 1317
769 1318
769 440
769 679
1317 1318
1317 440
1317 679
1318 440
1318 679
440 679
235 1319
1319 236
1319 1320
1321 571
1322 306
470 1064
470 592
470 628
470 1323
470 629
470 1059
1064 592
1064 628
1064 1323
1064 629
1064 1059
592 628
592 1323
592 629
592 1059
628 1323
628 1059
1323 629
1323 1059
629 1059
1324 1325
1324 1295
1324 1297
1325 1295
1325 1297
1033 592
1033 636
592 636
1326 887
1327 1126
1327 1127
1328 1329
82 1330
1331 82
1332 82
1029 193
193 194
1044 1333
1044 1059
1046 1333
1046 1059
1333 1059
1333 1045
1059 1045
1334 1335
611 198
722 189
1336 591
588 1337
1337 585
1338 1339
1340 1341
1340 1342
1341 1342
1343 1344
1345 1346
1210 390
303 1347
1348 219
1348 218
1348 1349
219 1349
218 1349
176 1338
219 203
219 202
219 201
219 204
953 176
176 954
699 160
1056 592
1049 468
1049 1350
468 1350
1306 1351
1352 1287
1352 1288
1352 1353
1287 1353
1288 1353
1354 1355
1356 1357
1356 1352
1356 1358
1357 1352
1357 1358
1352 1358
1359 1360
1359 1361
1359 1362
1360 1361
1360 1362
1361 1362
953 1363
954 1363
250 985
1364 1365
1366 592
1366 500
592 500
1366 815
500 815
815 592
945 453
945 1367
945 946
945 1368
453 1367
453 946
453 1368
1367 946
1367 1368
946 1368
223 1369
1370 1353
1371 980
1371 1372
980 1372
1323 1337
1373 774
1374 1237
1372 1375
1376 578
1376 1377
578 1377
203 1378
203 1379
1378 1379
712 1380
712 1381
1380 1381
1299 1382
1299 1383
1304 1383
1382 1304
1384 1385
1386 1387
536 1388
1388 268
1299 672
1385 1389
1390 825
1391 1392
294 571
294 97
305 594
1170 863
1170 1393
868 796
868 863
1394 645
1394 1339
645 1339
1339 1395
1339 1363
1395 645
1395 1363
1395 1394
645 1363
1363 1394
1396 1261
1396 1306
1261 1306
1397 1398
246 484
633 910
1399 1400
1399 1351
1399 1306
1400 1351
1400 1306
1316 1401
1396 1400
1351 1396
1197 1402
1402 1196
1402 491
1197 491
491 1196
909 1403
909 470
1403 470
1404 1405
1404 419
1405 419
901 484
901 1406
207 484
207 1406
406 484
406 1406
484 1406
629 1407
629 1408
1407 1408
1409 1410
1411 895
1412 1413
496 1367
495 1367
935 439
1407 1414
905 1408
905 1415
1408 1415
453 405
999 1360
1416 1417
1418 1386
1360 1386
1419 1420
1197 487
1421 1190
1422 1423
1424 390
1071 1197
1071 1196
15 515
1425 73
1426 916
72 1427
1180 1428
1429 319
1430 615
1431 1427
1431 1432
1427 1432
1433 1083
1434 1435
1436 1136
1437 1428
169 1393
53 1438
53 152
153 1281
1281 766
791 1439
791 515
1439 515
1440 1435
1440 1441
1440 1442
1435 1441
1435 1442
1441 1442
153 1443
153 1444
1443 1444
1443 766
1444 766
324 1445
153 1446
1446 766
722 1447
152 1448
1449 1217
1449 71
1449 1450
1217 71
1217 1450
71 1450
1451 1452
891 1453
1454 1455
1029 195
1029 255
1029 256
1419 1456
1457 1400
272 1219
273 1219
1458 1108
1459 756
714 1460
1460 715
716 1365
716 1461
1365 1461
1347 688
688 293
167 1462
301 1346
1345 1463
1346 1463
167 1464
1465 1427
1466 1467
1468 431
1469 1
1470 1471
1472 835
1472 1473
835 1473
1151 575
1151 1136
1148 575
1148 1136
1154 575
1154 1136
1153 575
1153 1136
1152 575
1152 1136
575 1136
575 1149
575 1150
1136 1149
1136 1150
688 1225
1225 687
688 1346
688 1345
1474 169
805 1068
805 1007
1068 1007
248 702
229 599
916 917
1475 1476
1477 1250
800 1478
801 1478
1363 1479
904 1480
1481 1482
196 791
791 198
1197 223
1480 1483
331 1484
331 1485
1484 1485
591 1486
1053 1440
1440 1052
1487 1488
786 1489
1490 907
1490 1491
1490 300
1490 1492
1490 83
1490 1493
1490 687
907 1491
907 300
907 1492
907 1493
907 687
1491 300
1491 1492
1491 83
1491 1493
1491 687
300 1492
300 83
300 1493
300 687
1492 83
1492 1493
1492 687
83 1493
83 687
1493 687
159 1494
159 1433
1494 1433
1495 1160
1326 1496
1326 307
1496 307
1495 870
1347 1429
1347 487
1429 487
1462 280
1497 457
1497 184
457 184
1498 1499
1498 73
1499 73
1500 1501
1500 1502
1501 1502
523 1081
523 527
523 1503
523 227
523 1504
1081 527
1081 1503
1081 227
1081 230
1081 1504
527 1503
527 227
527 230
527 1504
1503 227
1503 230
1503 1504
227 230
227 1504
230 1504
1505 1506
517 1011
1500 829
1501 829
829 1502
507 1507
507 1508
1507 1508
1460 841
1509 1510
836 1511
836 731
1511 731
1512 1391
596 322
801 1513
801 1514
1513 1514
827 1515
247 1516
764 1516
587 1310
587 1309
1517 1518
1519 1520
1519 1365
1520 1365
1521 1522
438 1523
1523 439
1524 1525
1524 1526
1524 1180
1526 1525
1526 1180
1525 1180
1180 1527
1528 1529
1222 1530
1520 1384
1520 1390
1384 1390
1384 1519
1390 1519
38 1531
38 1532
1531 1532
1531 37
1532 37
1506 720
5 780
806 1533
1534 1535
1534 1536
1534 1537
1535 1536
1535 1537
1536 1537
1500 1538
1501 1538
1502 1538
1171 1539
1540 1539
1541 1224
1542 1543
1544 1545
1197 1545
1196 1545
1546 1547
1548 470
1549 1550
1549 838
1550 838
1551 1332
1552 748
1552 1553
748 1553
1554 1555
1556 46
1556 47
303 1210
392 1210
1544 391
391 1545
1544 1210
1545 8
1557 94
1557 129
94 129
1558 963
301 391
301 1559
301 1560
391 1559
391 1560
1559 1560
1561 1562
1561 1563
1562 1563
982 1564
1565 805
1565 811
805 811
1393 814
1566 523
779 1567
1568 1057
1553 1569
1569 1552
484 806
1349 1570
1571 1494
1571 159
1571 1433
1572 1177
1573 1574
1249 1575
1569 158
1506 1576
1505 1576
1577 1578
1249 1579
38 1060
584 1061
1061 986
204 1065
43 1580
93 1581
1581 94
43 932
1560 94
1142 870
486 1429
371 1429
370 1429
1582 544
1583 1584
1585 469
1585 585
469 585
716 894
716 824
716 710
824 710
1370 744
1370 1586
1370 1587
1370 1588
1353 744
1353 1586
1353 1587
1353 1588
744 1586
744 1587
744 1588
1586 1587
1586 1588
1587 1588
1589 453
1059 1590
1333 1590
1591 94
1231 574
1231 1592
1232 574
1232 1592
574 1233
574 1592
1233 1592
1592 520
1593 1023
1594 485
1595 1325
1596 692
1597 1598
1597 1599
1598 1599
414 1429
917 1483
916 1483
167 23
1600 904
1346 295
1463 295
1345 295
1370 1601
1346 1123
1346 1602
1345 1602
1181 102
1603 636
1555 1604
933 1605
167 1606
1380 1607
1380 1608
1607 1608
1607 1381
1608 1381
1597 737
867 1373
1044 641
1044 642
1046 641
1046 642
641 1045
642 1045
774 1609
1610 641
1610 642
1610 1568
641 1568
642 1568
880 475
475 755
985 469
1611 151
81 1612
702 147
666 1529
1613 1455
560 666
1614 685
1614 1615
685 1615
1616 399
1617 1618
1617 1452
1618 1452
1257 1617
1257 1095
1617 1095
850 1363
850 1619
850 1620
1619 1620
1447 1621
1447 1602
1621 1602
1622 167
1026 583
1026 986
1026 1623
583 986
583 1623
986 1623
12 754
12 1624
754 1624
1500 713
672 1619
581 1625
1626 1407
1626 635
1407 635
1385 1627
1628 1520
1628 1384
1629 957
1629 1350
1629 51
957 1350
957 51
1350 51
479 585
471 479
666 1447
1000 1447
509 1447
846 1529
846 560
845 1529
845 560
1529 560
263 1529
264 1529
265 1529
1591 1630
263 666
1139 1631
1140 1631
1632 1554
1632 1215
1554 1215
1633 1634
1635 748
1636 6
1252 1637
1252 1581
1637 1581
1614 1406
1614 727
1614 888
1406 727
1406 888
727 888
1638 1639
1638 1640
1639 1640
1233 1136
1233 1641
1233 1211
1232 1136
1232 1641
1232 1211
1136 1641
1136 1231
1136 1211
1641 1231
1641 1211
1231 1211
1639 815
815 1638
1642 219
1642 1640
219 1640
815 1643
815 593
1643 593
491 8
1644 527
34 1645
811 1646
1646 1565
1528 264
779 639
801 639
808 210
808 209
1647 1635
1647 1648
1647 1278
1647 748
1635 1648
1635 1278
1648 1278
1648 748
1278 748
1642 1639
219 1639
1153 187
1136 187
1649 264
1231 1546
1231 1650
1546 1232
1546 1233
1546 1650
1232 1650
1233 1650
187 1651
1153 1651
1136 1651
1652 266
1653 1647
748 1654
1647 1654
1654 1635
815 1032
1140 1655
1139 1655
829 1655
1141 1655
1656 1657
1656 401
1657 401
1658 1416
1658 1306
1416 1306
1015 963
1659 1660
1659 1661
1660 1661
1662 1663
1025 1032
1032 1026
748 774
1664 1665
1664 1289
1665 1289
1633 1666
584 1032
986 1667
1667 468
1323 1414
1323 468
1414 468
1668 1669
1670 887
1671 1228
1672 887
1034 468
1490 1670
204 579
201 579
202 579
975 1032
1341 1060
1060 1342
1673 990
25 1674
26 1674
1675 1600
1480 1600
1140 1676
1139 1676
1655 1676
857 1677
858 1677
164 168
164 1302
168 1302
1663 168
1231 1678
1232 1678
1233 1678
1592 1678
520 1678
592 1679
1407 1680
1427 1493
1432 1493
1681 1682
673 1339
673 177
673 835
1339 177
1339 835
177 835
1683 155
904 1684
1685 1338
1685 1686
1338 1686
1146 1004
1146 1003
1146 924
1146 887
1004 924
1004 887
1003 924
1003 887
924 887
1580 1253
711 730
712 730
1687 1688
637 1407
830 828
779 554
779 555
554 1314
555 1314
634 1666
1689 1690
229 889
229 691
1616 1691
1692 1693
1694 69
1695 1696
1695 1697
1696 1697
1228 1698
1699 1700
1699 1701
1700 1701
1702 1700
1702 1701
1702 1699
1146 85
85 924
85 1003
85 1004
1509 1511
1509 1703
1509 836
1511 1703
1703 836
1704 1460
1705 1706
1705 633
1706 633
1323 1407
1208 471
81 1707
1708 1709
1708 1710
1709 1710
1565 1711
811 1711
750 1686
1712 1713
1712 1714
1712 1715
1712 1716
1713 1714
1713 1715
1713 1716
1714 1715
1714 1716
1715 1716
1712 1717
1712 1718
1712 1719
1718 1719
1720 1721
1720 1228
1721 1228
1258 997
1722 1627
1722 1723
1627 1723
824 1724
1724 716
1389 1023
1022 1725
1022 1726
1725 1726
1304 1727
1382 1727
1299 1727
1177 129
129 1096
91 1728
91 1729
91 60
1728 1729
1728 60
1729 60
834 1383
1730 1731
1217 62
878 1732
1685 751
307 1733
1733 1245
307 1322
1322 1245
1500 1734
1500 1735
1734 1735
1732 1178
1188 1736
1187 1736
1418 1737
1166 1738
1166 1739
1166 1740
1738 1739
1738 1740
1739 1740
1645 1741
1742 1743
716 825
1744 1745
672 1686
835 1686
834 1686
1715 1746
1338 1363
1354 1747
602 1748
1635 471
1749 1750
1749 470
1749 471
1750 470
1750 471
1749 1064
72 1751
1751 1427
1752 1615
1752 1753
1615 1753
1573 1754
1360 1261
1755 1756
1757 1758
1759 1760
1759 1075
1759 132
1760 1075
1760 132
1075 132
601 1761
601 1748
603 1761
603 1748
1761 1748
1488 1762
1763 110
512 520
59 110
148 1643
512 1764
512 1765
1764 1765
1313 1766
1767 1108
1509 837
1215 837
1554 837
1768 1086
1768 1769
1768 1770
1086 1769
1086 1770
1769 1770
1771 1772
1771 102
1772 102
1773 1774
614 1775
1776 1777
1776 1583
1777 1583
1179 1778
1298 954
248 150
621 150
1779 1780
1258 1378
1298 1781
1309 1782
1783 1784
1785 990
1786 1783
1254 1787
156 1705
156 1706
679 1787
1279 1787
1788 1787
8 42
1789 548
1789 547
462 189
404 481
755 404
1790 1005
1790 1791
1005 1791
1792 1791
1720 281
1720 282
1793 601
1418 1793
1396 1794
20 1360
1737 1359
1737 1795
1359 1795
770 1796
1796 1032
1285 1797
1285 1796
1797 1796
1798 1799
1798 831
1799 831
918 1800
1500 1801
1802 481
1381 1787
1803 1279
1389 829
112 1804
1805 1806
1805 1807
1805 121
1805 1808
1805 1809
1806 1807
1806 121
1806 1808
1806 1809
1807 121
1807 1808
1807 1809
121 1808
121 1809
1808 1809
1810 221
1786 91
491 370
124 1810
1811 1400
1812 1813
178 1813
178 1662
1813 1662
353 396
353 395
1814 188
1814 1815
188 1815
716 1816
824 1816
1278 1787
1235 1279
1279 1172
1779 1332
1779 1788
1332 1788
1138 299
729 1817
729 190
1817 211
1817 190
1818 1819
1818 1820
1819 1820
940 1821
936 1821
939 1821
1821 937
1821 938
189 1447
1822 1572
1823 1824
1823 1822
1824 1822
1344 1825
1826 1353
1826 1827
1826 1828
1353 1827
1353 1828
1827 1828
1773 1258
1644 1829
260 997
260 1258
1830 499
1830 1831
499 1831
1572 1566
1572 1832
1566 1832
1566 1177
1832 1177
1025 584
115 616
616 118
1207 572
709 572
1833 1803
1833 774
1833 453
1803 774
1803 453
1782 1834
1834 1309
1207 697
709 697
1835 1373
1836 1833
1836 453
774 1367
1837 1838
1837 1301
1837 362
1838 1301
1838 362
1301 362
1839 1789
1344 301
585 414
584 1840
986 1840
1841 1258
1841 132
1258 132
293 301
648 133
648 132
361 419
419 133
1760 133
1535 1842
1534 1842
761 760
761 483
760 483
709 712
709 1380
709 1381
716 709
716 1207
417 1843
1844 1843
1568 1845
1845 1057
1846 946
1846 1847
946 1847
1848 1849
1848 354
1848 1850
1848 995
1848 1851
1848 1002
1848 994
1849 354
1849 1850
1849 995
1849 1851
1849 1002
1849 994
354 1850
354 995
354 1851
354 1002
354 994
1850 995
1850 1851
1850 1002
1850 994
995 1851
995 1002
1851 1002
1851 994
224 1481
1848 1852
1849 1852
354 1852
1852 1851
1852 1002
1852 994
1853 1854
602 1398
600 1398
601 1398
218 1642
215 1642
1855 160
1113 1337
1856 480
1856 883
568 1847
1857 1858
301 1057
301 1859
1057 1859
1860 578
1860 579
1860 580
875 1861
874 1861
1857 1488
1862 1800
1863 875
1863 1864
1863 1861
875 1864
1864 1861
1742 1865
1866 127
1867 579
1867 1868
579 1868
652 1869
1869 655
1870 875
1742 1871
1871 1743
190 499
1742 1872
1742 1744
1742 1873
1872 1744
1872 1873
1744 1873
1742 1745
825 1874
1874 832
1875 1876
1589 523
1877 1878
837 1879
1399 1416
1399 1853
1416 1853
1853 1306
1737 1853
1853 1418
219 1880
219 1881
1880 1642
1880 1881
1880 218
1642 1881
1881 218
1859 1323
298 1105
299 1105
1105 297
1882 1860
1376 1883
1376 875
1883 875
1884 571
1861 1377
1861 1023
1377 1023
1376 1861
1376 1023
1885 757
1885 758
1454 1886
1886 445
1454 445
806 1191
468 1887
468 1415
1887 1415
1888 677
1888 657
1888 1889
677 657
677 1889
657 1889
1890 1891
452 1892
1330 737
82 737
573 1893
1894 1454
1894 445
672 1363
1895 834
1895 1686
678 1234
678 14
677 1234
677 14
1896 1897
1623 1898
1623 1126
1623 1840
1623 156
1898 583
1898 1026
1898 1126
1898 1840
1898 156
1898 986
583 1126
583 1840
583 156
1026 1126
1026 1840
1026 156
1126 1840
1126 156
1126 986
1840 156
156 986
373 1899
926 373
11 907
1377 1864
1900 1901
1902 794
1902 1903
794 1903
1904 234
1904 48
234 48
1827 1370
1737 1360
1737 1386
650 941
1265 1905
937 1905
937 1264
1905 1264
1699 1601
25 1906
26 1906
1858 1907
1251 1908
1251 768
1186 1376
1909 70
1909 71
1909 1910
70 1910
71 1910
1911 851
1911 852
1911 949
788 209
788 808
1912 1247
1912 1573
1912 1663
1247 1573
1247 1663
1573 1663
1312 303
1913 546
1913 1360
546 1360
1781 751
126 1469
1914 1886
1915 1378
1915 1773
1915 1258
1378 1773
1720 1916
1916 281
1916 282
928 1917
928 949
1917 852
1917 949
1918 1919
1918 1920
1919 1920
164 1645
1921 1922
167 366
167 924
366 924
1339 1383
1781 647
405 770
14 774
14 770
14 453
770 453
1921 1923
1921 1924
1923 1924
1710 1925
1710 1926
1925 1926
218 1927
1880 1927
1880 216
1927 216
215 1880
215 1927
714 842
1928 934
1928 1929
934 1929
1167 1930
715 842
714 1627
714 829
216 1642
931 1931
1932 1933
612 548
613 548
1934 1935
1936 282
902 1937
517 1937
1938 1932
1938 1939
1938 1940
1932 1939
1932 1940
1939 1940
253 510
771 1941
771 1942
1941 1942
1943 496
675 697
1777 544
1777 639
544 639
1944 1945
1944 1577
1945 1577
1946 262
1947 271
1802 769
1802 1318
769 481
481 1318
1948 755
1949 841
1949 1627
841 1627
496 1227
1950 224
1951 1950
1952 1633
1953 1633
1633 1954
1955 515
1956 1957
1318 781
1318 1958
769 1958
781 1958
781 481
1958 481
916 1800
932 794
756 1937
1959 870
1960 1600
1684 1600
496 1961
496 1962
1961 1962
1959 1963
82 696
1964 1965
1966 1967
1968 917
1960 917
1784 817
817 1783
1969 1970
1536 1971
1536 1972
1971 1972
607 531
607 410
608 408
608 531
608 410
531 410
1742 1910
1910 1743
1704 841
1973 345
1861 714
1863 714
1422 1974
1423 1974
689 1975
1976 1857
1119 943
651 943
943 405
190 1977
1978 1979
1978 496
1979 496
1980 1258
1899 926
547 784
1021 1981
961 966
961 1982
966 1982
1983 1984
1983 358
1984 358
434 1985
1125 393
1986 1305
1986 1987
1305 1987
1988 1989
620 964
1460 829
715 1704
714 1704
1704 842
1704 713
1460 713
841 713
1990 1745
1991 1946
1992 1944
1990 1969
261 640
1990 1910
1990 1993
1910 1993
1990 70
1993 70
975 849
975 848
975 470
849 848
849 470
848 470
1119 625
651 625
14 625
625 405
1845 748
1845 1994
1845 481
748 1994
748 481
1994 481
1990 1995
70 1995
1996 1997
1990 1998
1978 1249
693 1999
2000 275
2001 876
2002 457
2002 545
2002 1965
457 1965
545 1965
2003 1290
2003 1294
2003 1291
2003 1295
1290 1294
1290 1295
860 1875
1049 1054
2003 2004
2003 1297
2004 1291
2004 1295
2004 1297
1951 1803
1803 1950
1022 51
2005 948
2005 2006
948 2006
2007 488
2008 2009
2010 1418
2011 261
2011 226
640 639
150 261
261 265
8 303
2012 1745
2012 1872
2012 1858
1872 1858
2013 1420
2014 1872
2014 1858
2014 2015
2014 2016
1872 2015
1872 2016
1858 2015
1858 2016
2015 2016
640 1659
261 2017
1833 440
1836 440
440 453
1501 2018
2018 1502
2018 1538
2019 660
2020 50
1795 1351
1795 1306
1795 1400
1360 1396
601 1396
371 491
486 491
491 487
1225 392
1249 2021
2000 2022
2000 1579
2022 1579
2023 224
1573 2024
1654 1278
1654 1648
1180 2025
1526 2025
1180 2026
1526 2026
1994 2027
1048 774
774 535
2028 774
2028 535
404 1796
1347 169
149 1830
2029 1240
2030 1360
1794 601
2031 1730
2031 1934
1730 1934
2031 2032
675 1121
675 2033
675 2034
1121 2033
1121 2034
2033 2034
643 146
1621 799
799 1447
370 1188
487 1188
1188 371
1188 486
740 125
740 617
125 617
1806 1761
1803 1367
945 676
676 1367
676 1368
945 1285
945 1797
945 1284
1285 1367
1285 1368
1797 1367
1797 1284
1797 1368
1367 1284
1284 1368
1833 1367
1544 8
1207 1035
709 1035
1035 572
670 2035
2036 652
1921 580
1921 578
2037 345
2038 915
668 671
668 1367
671 1367
903 2039
2040 2041
2037 564
2037 2042
345 2042
250 610
2043 2044
875 1023
2045 1735
1861 1883
1883 1023
921 1373
958 774
1119 770
1119 453
2046 292
2047 2048
2049 2050
2049 2051
2049 292
2050 2051
2050 292
2051 292
1141 1491
2052 292
2052 2048
292 2048
2053 2054
2053 1710
2054 1710
2055 2056
2055 2057
2056 2057
2058 2059
2058 2060
2058 2061
2058 2062
2058 2063
2058 1141
2059 2060
2059 2061
2059 2062
2059 2063
2059 1141
2060 2061
2060 2062
2060 2063
2060 1141
2061 2062
2061 2063
2061 1141
2062 2063
2062 1141
2063 1141
2064 505
2062 2065
2062 2066
1141 2065
1141 2066
2065 2066
2046 2067
2046 2068
2067 2068
2069 2070
2071 2072
553 2073
292 2074
292 2057
2074 2057
1106 2075
2076 1491
2076 1141
2077 2078
2077 1141
2078 1141
1491 2079
1141 2079
2076 2079
2080 2081
2080 2068
2081 2068
292 2082
2047 2067
2047 2068
2047 2064
2067 2064
2068 2064
2083 2084
2083 2085
2047 2052
2057 553
2057 2073
2055 553
2055 2073
2086 2083
2087 1051
2088 1888
2088 1165
1888 1165
2089 2085
2089 2047
2085 2047
367 2065
367 2073
367 553
2065 2073
2065 553
292 2090
2091 292
2053 2064
2092 2071
2092 2093
2071 2093
2068 2094
605 2070
2049 2047
606 2095
489 2095
489 2067
605 2067
346 2096
1419 2097
1111 852
546 123
546 2098
123 2098
1864 1883
278 252
949 1107
2099 2100
768 1807
2101 1127
2101 2102
2101 2103
1127 2102
1127 2103
2102 2103
640 705
1854 2104
2105 2106
2107 2106
2107 2108
2107 2109
2106 2108
2106 2109
2108 2109
2110 2098
2110 1877
2098 1877
1279 2111
1787 2111
1871 26
1871 1858
26 1858
585 1667
215 2112
2112 1880
2112 216
2112 218
1806 2113
2114 2115
2114 1253
2115 1253
1196 490
1197 490
2116 679
2116 1279
2117 151
219 2118
580 1882
1311 13
1882 2119
2119 1860
208 252
1878 2110
1258 144
546 724
2120 2121
2120 573
2121 573
1731 362
1731 573
2122 1086
1697 2123
1437 1574
252 210
331 2124
1186 1880
1186 215
1186 218
1186 216
163 1143
331 2125
591 331
399 1657
1657 400
404 946
399 2126
2126 400
2127 239
1112 1337
2128 2129
1499 1427
1499 1124
1499 771
1427 1124
1427 771
1124 771
2096 2130
2130 346
2131 2132
1658 2133
2134 474
1787 1889
1889 2111
1906 1563
1210 2024
1945 756
293 1142
700 1057
2135 1329
1787 1244
1889 1788
1889 1244
1788 1244
1788 2111
2136 2137
1159 1803
1159 1199
1159 1202
1159 1200
1159 670
1159 40
1803 1199
1803 1202
1803 1160
1803 1200
1803 670
1803 40
1199 1160
1199 40
1202 1160
1202 40
1160 1200
1160 670
1160 40
1200 40
670 40
834 1338
2110 1795
1568 1859
1795 1457
1261 2138
1360 2138
2139 761
2139 760
2111 1796
2112 1023
2140 2141
2140 2142
2140 1194
2140 121
2141 2142
2141 1194
2141 121
2142 1194
2142 121
1194 121
112 603
112 1397
603 113
603 1397
113 1397
220 2143
178 2143
2144 2045
218 1023
1023 216
1311 1289
1638 1057
81 2145
81 1899
81 2146
84 1107
1020 1642
593 1033
593 1023
1033 1023
1023 592
1788 2147
1788 2148
2147 2148
1349 1642
975 815
1597 2149
1864 1376
755 2150
985 849
1992 1945
2151 2152
2112 1927
2112 2153
1927 2153
1127 216
1127 2154
1126 216
1126 2154
216 2154
934 2155
1860 2156
580 2156
2156 578
2156 579
2128 2157
2129 2157
1749 922
1749 920
1585 1435
1984 1574
2042 1911
2158 1020
1221 1169
928 931
1917 931
2159 2160
2159 2161
2160 2161
2162 1026
2162 2163
1026 2163
1007 732
1007 402
732 403
732 402
811 349
349 1565
349 1711
656 1992
656 2164
656 2165
1992 2164
1992 2165
2164 2165
887 1825
1024 1315
1024 1057
1315 1057
30 2166
2167 2168
2167 468
2168 468
1249 2169
153 718
1326 1159
594 887
2021 1978
1013 307
1013 199
1013 2170
307 199
307 2170
199 2170
1208 470
961 967
2171 2172
2171 2173
2172 2173
815 985
2174 1144
1435 474
2175 2176
641 1168
642 1168
874 1168
1234 2177
1234 676
1234 651
14 2177
14 676
2177 1235
2177 676
2177 651
1235 676
1235 651
676 651
2178 825
2178 1802
825 1802
2179 2180
1698 1290
1698 1294
127 527
127 2160
127 1460
539 527
539 2160
539 1460
527 2160
527 1460
2160 1460
1434 720
1285 256
256 1284
110 2181
274 227
814 721
770 2182
770 256
2182 256
1857 2183
2171 1203
2172 1203
1203 2173
769 2182
769 256
2184 699
2184 874
2184 11
699 874
874 11
1290 2185
1290 770
1295 2185
1295 770
2185 770
1742 2014
1744 2014
1386 2010
1681 1872
571 707
1742 2186
1872 2186
1744 2186
1873 2186
161 256
161 2182
161 770
439 571
1872 1910
1742 1858
1872 1871
1872 1743
661 2187
1901 2043
609 987
2182 2188
256 2188
2188 770
14 2182
14 256
1857 253
1857 2189
2190 352
1036 85
1036 1003
2191 2192
440 2193
2193 441
440 874
874 441
702 191
1234 441
14 441
440 1706
1706 51
1706 14
51 14
913 1347
650 1234
888 1146
1984 1437
1938 2194
2195 2196
2195 2197
177 1686
1686 673
746 2198
747 2198
2199 2200
2199 1251
2200 1251
1146 2201
1004 2201
1003 2201
924 2201
887 2201
2198 2202
2198 2203
2198 2204
2202 2203
2202 2204
2203 2204
2205 2096
1698 2198
2205 2206
994 2207
2205 2208
2209 1502
2209 1538
2210 2211
2210 2212
2211 2212
23 1615
2212 2213
2096 2012
2214 1368
2214 1174
1368 1174
249 509
509 248
1969 1756
1969 2215
1756 2215
702 734
1712 2216
702 1012
1756 2217
44 852
2218 2219
2220 2221
2222 2223
2222 1910
2223 1910
1319 364
235 1130
1718 2224
1712 2224
748 933
770 2225
2182 2225
2225 256
310 1007
1319 2226
2226 235
2019 2227
2019 2228
2227 2228
661 2229
2229 659
454 1892
564 2230
2231 1931
1715 2216
1715 2232
1715 656
1715 2233
1715 2234
1715 2235
1715 2236
1715 173
1713 2216
1713 2232
1713 656
1713 2233
1713 2234
1713 2235
1713 2236
1713 173
1716 2216
1716 2232
1716 656
1716 2233
1716 2234
1716 2235
1716 2236
1716 173
2216 2232
2216 656
2216 2233
2216 2234
2216 2235
2216 2236
2216 173
2232 656
2232 2233
2232 2234
2232 2235
2232 2236
2232 173
656 2233
656 2234
656 2235
656 2236
656 173
2233 2234
2233 2235
2233 2236
2233 173
2234 2235
2234 2236
2234 173
2235 2236
2235 173
2236 173
2237 1716
1713 1746
1718 1713
2238 2239
2238 2240
2238 2241
2239 2240
2239 2241
2240 2241
685 2242
352 2243
2190 2243
2244 905
2245 1054
2228 921
1918 2246
1918 215
2246 215
406 908
2045 2247
6 249
249 7
484 971
1174 2219
1174 1020
1174 203
1174 1021
2219 1020
2219 203
2219 1021
2220 2123
2221 2123
1776 1593
543 1348
2248 1776
2249 1474
2249 1071
1474 1071
2249 913
388 1037
907 2250
824 1530
716 1530
2251 8
2251 388
8 388
204 1997
202 1997
201 1997
203 1997
1175 1997
2252 2253
2254 1631
2254 1604
1631 1604
1555 819
1555 2255
1555 717
819 2255
819 717
2255 717
732 1944
496 2256
496 1852
496 1851
2256 1852
2256 1851
570 2257
779 1782
2258 993
1891 2259
1891 874
2259 874
2260 749
2260 2155
2260 933
2260 746
749 2155
749 933
2155 933
2155 746
933 746
2261 1798
1705 51
1705 440
2262 804
2262 2263
804 2263
2264 699
2264 2184
699 768
2262 732
84 44
1568 2265
1568 946
1568 481
1568 404
2265 946
2265 481
2265 404
689 686
2266 1159
2219 1176
2267 57
1570 2268
349 1937
812 1937
1385 1023
1418 1360
28 1016
1133 2269
2269 968
594 1096
1096 595
100 101
19 101
895 2270
520 2271
2019 2272
2273 536
2273 268
933 2274
933 483
746 2274
746 483
2260 2274
2260 483
2274 483
670 77
77 669
2275 1392
82 2253
1523 2276
1523 873
1523 708
1523 571
1523 97
2276 873
2276 708
2276 571
2276 97
873 708
224 453
1265 2253
937 2253
88 170
2277 388
1243 981
1241 981
981 1244
981 1242
1243 1251
1242 1251
1251 1244
932 1523
2224 1713
1279 1242
1243 1187
1244 1187
1187 1241
1187 1242
106 20
1337 1922
1337 1349
1922 1349
2278 1249
585 1342
804 303
1169 2279
1169 651
2279 651
944 1956
634 2280
637 1032
637 1408
1032 1408
699 2281
2282 620
2283 1003
1265 2284
571 1036
1284 2285
1284 1289
273 619
619 840
2286 2287
2288 273
2067 2289
2290 2291
2290 55
2290 1865
2290 1128
2291 55
2291 1865
2291 1128
55 1865
55 1128
1865 1128
689 565
689 564
2292 1426
28 2293
2294 494
2295 2296
2288 2006
2297 618
1219 2295
1219 2296
2298 2288
2288 619
564 2299
565 2299
1758 2296
1758 2295
1758 2006
2296 2006
2295 2006
2295 2300
2301 2288
2301 989
2288 989
618 1129
1696 1588
726 20
1797 256
2214 14
1609 1803
1259 1360
1260 1360
399 2040
641 2302
642 2302
488 46
488 47
1528 265
1266 2303
1266 2304
1266 2305
2303 2304
2303 2305
2304 2305
152 2298
2306 2307
1093 2245
1093 77
2245 77
831 837
840 563
1108 2308
816 1784
818 1784
1260 2030
2030 1259
2008 1418
1793 1396
254 2309
507 2310
2311 2312
1467 2313
1467 1471
1467 2105
1467 1373
1466 1373
2314 2097
2314 2189
2097 2189
1454 2314
1894 2315
1894 1613
686 557
2316 2317
2316 1485
2316 1237
2316 240
2317 1485
2317 1237
2317 240
1485 1237
1485 240
1237 240
2318 2319
2318 2320
2319 2320
738 123
738 1913
738 19
123 1913
123 19
1913 19
2009 2113
2318 1412
2318 439
2320 1412
2320 439
1412 2319
1412 439
2319 439
868 284
868 285
2321 199
1877 546
1877 1913
1589 1842
1534 1589
1896 1122
1737 1417
1418 1417
1417 1386
739 20
20 740
1058 1517
1058 2322
2323 849
1426 1043
694 684
148 1564
1564 149
2324 893
439 2079
2244 1147
2244 729
1147 729
2244 971
2244 2325
2244 2326
2325 2326
698 225
698 406
2131 2327
235 713
235 2328
235 1081
235 841
713 2328
713 1130
713 2226
713 1081
2328 1130
2328 2226
2328 1081
2328 841
1130 2226
1130 1081
1130 841
2226 1081
2226 841
1081 841
507 2079
2329 1990
346 2330
837 731
2331 1709
2307 2332
311 868
2333 1713
2311 293
55 488
1048 209
40 2334
2335 2311
504 1099
504 1100
125 19
1414 881
1414 2336
881 2336
1414 882
2336 882
1414 471
881 471
882 471
1414 1127
1414 1126
2337 1946
2338 2339
2340 2337
442 2341
1967 2315
2342 2238
1414 2343
1323 2343
1414 637
1323 637
859 801
859 275
801 275
453 1290
453 1291
453 1698
1291 1698
2344 1601
176 2345
458 1195
1476 2180
1476 1989
1476 778
1476 1213
1476 2308
1476 250
1476 2346
1476 2347
1476 520
1476 194
2180 1989
2180 778
2180 1213
2180 2308
2180 250
2180 1475
2180 2346
2180 2347
2180 520
2180 194
1989 778
1989 1213
1989 2308
1989 250
1989 1475
1989 2346
1989 2347
1989 520
1989 194
778 1213
778 2308
778 250
778 1475
778 2346
778 2347
778 520
778 194
1213 2308
1213 250
1213 1475
1213 2346
1213 2347
1213 520
1213 194
2308 250
2308 1475
2308 2346
2308 2347
2308 520
2308 194
250 1475
250 2346
250 2347
250 520
250 194
1475 2346
1475 2347
1475 520
1475 194
2346 2347
2346 520
2346 194
2347 520
2347 194
520 194
1841 133
1217 1216
1217 818
1216 818
711 837
2348 1570
2348 1115
2348 142
1570 1115
1570 142
1115 142
2125 1336
2349 2350
1699 2351
1699 1747
2351 1747
2352 2125
2269 2007
331 2353
46 2354
55 245
643 149
1273 2355
1273 244
1273 1219
86 1273
87 1273
2215 2356
2215 2357
2215 1970
2356 2357
2356 1970
2357 1970
684 742
1273 684
742 947
563 46
2356 1969
2167 593
2167 592
2215 1941
2215 1942
2356 1941
2356 1942
1969 1941
1969 1942
1023 1863
585 2358
2358 588
2359 1289
272 244
273 244
2215 1900
2356 1900
989 2360
2361 2362
2097 2363
2016 2362
2016 2364
2362 2364
2215 303
2356 303
1941 303
239 2365
2314 2366
1035 1632
1035 1325
1035 2367
1035 2368
709 1632
709 1325
709 2367
709 2368
572 1632
572 1325
572 2367
572 2368
1632 1325
1632 2367
1632 2368
1325 2367
1325 2368
2367 2368
716 2369
2369 824
2369 1816
2369 709
2369 825
824 709
1816 709
1816 825
709 825
1868 1847
579 1847
2370 660
1120 2033
1120 2034
748 981
981 746
746 1194
748 1194
669 651
669 2228
669 2371
659 651
659 2228
659 2371
659 943
12 651
12 2228
12 2371
12 943
651 2228
651 2371
2228 2371
2228 943
2371 943
35 488
2033 1284
2033 1285
2033 2372
1284 1121
1284 1120
1284 2034
1284 2372
1285 1121
1285 1120
1285 2034
1285 2372
1121 2372
1120 2372
2034 2372
2237 1714
1419 2373
1520 716
716 1390
1999 488
1946 621
1946 702
621 702
1231 1766
1136 1766
26 2357
2096 2044
346 2044
1180 2249
2374 2375
2364 2208
2330 2128
770 2034
469 579
585 1594
580 1405
1405 2156
1919 2246
2246 2376
2376 1918
1868 1860
1844 2377
1844 1918
1844 1919
1844 2246
2377 1918
2377 1919
2377 2246
557 2378
2379 2196
1077 1217
91 1217
506 552
1688 659
70 60
1845 2198
2380 2381
1251 1647
1391 1919
2382 579
1273 2383
2384 2385
2384 2386
2384 2387
2384 2388
2384 2389
2384 1180
2384 2390
2385 2386
2385 2387
2385 2388
2385 2389
2385 1180
2385 2390
2386 2387
2386 2388
2386 2389
2386 1180
2386 2390
2387 2388
2387 2389
2387 1180
2387 2390
2388 2389
2388 1180
2388 2390
2389 1180
2389 2390
1180 2390
806 908
1548 838
806 189
908 189
1046 854
854 1045
579 2391
2010 1853
1249 2392
2393 1074
2394 1985
2394 2395
2394 434
434 2395
253 189
2202 2396
2397 2398
2090 2399
2398 2400
2397 2400
1732 83
2398 472
2398 2401
2397 472
2397 2401
472 2401
2090 2402
2090 2403
2402 2403
816 1216
2040 498
1086 2404
1086 2398
1086 2393
1086 1100
2404 2398
2404 2393
2404 1100
2398 2393
2398 1100
2393 1100
2294 2405
2406 2375
1768 2407
1086 2407
1769 2407
1430 126
1430 2408
126 2408
2000 2190
804 2190
2409 1426
315 3
2410 1086
357 1915
361 359
361 358
484 2411
2411 974
846 2412
2040 2413
498 2413
2402 498
2402 2414
498 2090
498 2414
2090 2414
1886 2415
2416 1865
2417 194
2418 2419
2000 2420
718 2421
1026 1064
1026 2422
1064 1025
1064 2422
1025 2422
837 1589
1803 50
50 1950
671 2245
699 2302
2423 2189
315 2
2086 2056
315 690
2424 831
152 718
2425 718
2347 212
1879 2280
1086 1096
1086 2397
1096 2397
1086 472
2137 1483
1762 2426
560 146
560 1611
146 1611
973 1841
2410 1096
973 1981
1670 2427
1670 2090
2427 2090
1086 2428
1086 2429
2428 2429
2428 1769
2429 1769
196 515
198 515
2430 1185
2431 2293
1301 2432
2432 1837
278 515
278 2144
278 615
515 2144
515 615
2144 615
1737 2010
1670 2433
2090 2433
269 23
831 1854
2102 2154
1421 1315
1421 38
1421 37
1315 38
1315 37
1007 509
868 2321
1843 2434
285 1459
285 756
498 2270
3 1430
1430 2
2435 2173
2435 2171
2090 2413
2090 2040
1782 278
1399 2009
1399 2008
1399 2436
2009 2436
2008 2436
831 2437
2438 5
2438 1469
2438 1
5 1469
2439 2390
2440 2375
759 483
2381 968
179 2441
2442 35
2355 2443
377 415
498 2433
2131 2444
1976 2445
609 779
2021 2169
2021 2278
2169 2278
2446 1985
2446 434
1773 1935
2447 2448
2447 2449
2448 2449
468 484
468 11
468 1315
720 484
720 11
720 1315
484 11
484 1315
11 1315
1749 2450
2450 471
2451 1692
1692 1481
878 1689
2452 1430
2302 2245
2453 1735
1467 1589
1670 2414
256 2454
2455 2456
659 1615
659 1093
1615 1093
2457 2458
2457 1928
2458 1928
712 2459
12 1093
2090 2270
470 2460
2162 1023
2402 1670
2461 478
877 1732
877 1772
1732 1772
571 912
571 2462
97 2462
912 2462
2463 2464
1075 1770
2090 2465
2355 2466
1134 2355
2467 2463
1194 1120
1193 1120
620 1049
2468 2461
2468 2464
2461 2464
748 1698
620 908
1585 1553
1585 1552
1585 1569
1585 1835
1553 1835
1552 1835
1569 1835
2178 748
1195 1412
1412 446
522 2090
49 1239
2469 2470
2469 2471
2469 1096
2470 2471
2470 1096
2471 1096
1248 1978
1248 2021
498 895
2418 759
2233 1185
2233 79
1185 79
2472 1560
1325 158
1410 2473
1410 1202
2473 1202
2467 2474
2475 548
2476 2477
2478 1909
2479 2480
2444 2304
2444 906
2304 906
2481 2482
2483 718
2484 2485
2484 2486
2485 2486
1008 2487
2007 2488
2484 1434
1434 2485
2090 2489
498 2489
1646 199
2490 760
2490 2491
2490 2492
2490 508
2490 1566
2490 2493
760 2491
760 2492
760 508
760 1566
760 2493
2491 2492
2491 508
2491 1566
2491 2493
2492 508
2492 1566
2492 2493
508 1566
508 2493
1566 2493
236 2494
236 2495
236 2496
2494 2495
2494 2496
2495 2496
732 2497
1434 732
1096 1560
2090 895
2498 2499
2498 915
2499 915
2090 2500
522 2500
2501 976
2501 1397
976 1397
2502 2287
1035 837
1261 19
2503 27
1729 90
1728 90
2238 2194
2238 2504
2194 2504
2383 2355
14 1373
1174 1176
1285 1289
1284 1311
1284 2505
1311 2505
1311 1285
2505 1285
387 1013
387 1014
1219 41
2262 199
2262 859
199 859
1014 1160
179 2506
182 2506
178 2506
397 395
397 1405
398 395
398 1405
395 1405
2251 1099
388 1099
650 1235
369 387
1444 2507
2381 55
2508 1733
2508 2302
1733 2302
2302 1048
2302 535
2381 62
49 2509
847 361
1187 78
1187 1234
78 1234
1117 657
2510 2511
1987 2512
1987 1621
2512 1621
503 199
251 2513
2514 92
1745 1970
2515 2516
1928 2517
2090 2518
2090 925
2090 140
2090 2519
2518 925
2518 140
2518 2519
925 140
925 2519
140 2519
1205 802
2507 2520
244 2354
2370 2521
1373 78
18 617
872 1820
871 1820
2522 2523
1897 387
1896 387
1112 2524
1112 256
1112 255
1112 2182
2524 256
2524 255
2524 2182
255 2182
2395 428
501 662
501 550
662 550
2525 1989
1571 275
256 1423
256 1422
256 1200
1423 1200
1422 1200
649 2526
649 608
649 2527
2526 608
2526 2527
608 2527
2528 2529
2530 2531
2530 2532
2530 1247
2530 2533
2530 1245
2531 2532
2531 1247
2531 2533
2531 1245
2532 1247
2532 2533
2532 1245
1247 2533
1247 1245
2533 1245
366 2534
366 2535
366 2536
2534 2535
2534 2536
2535 2536
2302 1315
2302 2537
1315 2537
512 1132
1169 583
1071 2538
2539 2527
2540 2541
2540 778
2541 778
1117 480
480 658
2474 2542
2474 2543
2542 2543
220 2544
178 2544
1200 2245
2545 236
2508 699
1522 759
759 1521
2546 33
1202 453
453 1410
1803 1410
1853 125
1913 2098
958 2547
697 1847
697 568
674 2198
676 2198
1990 2548
944 1373
944 1076
1373 1076
1373 481
1076 481
1802 2198
1802 981
2198 981
2198 481
981 481
1573 1346
2502 1493
2549 2536
2550 487
2551 1155
2551 2552
2551 1156
1155 2552
2552 1156
2550 2536
2550 2535
1765 1436
512 1436
1436 1764
2553 1710
2554 1169
2554 292
2554 2555
1169 292
1169 2555
292 2555
2553 2350
2553 2556
2350 2556
169 1160
2557 687
2557 1116
687 1116
391 308
2558 2350
478 2559
2560 914
487 1541
1008 689
1008 1646
689 1646
1522 1413
1413 1521
2561 950
460 40
2562 1630
1134 488
1134 968
1134 743
488 968
488 743
968 743
588 1340
588 1342
679 981
2563 2564
2563 2131
2563 2327
2564 2131
2564 2327
291 2565
291 650
290 2565
290 650
2565 650
671 957
1134 55
1134 56
1788 2566
1788 77
2566 77
2131 2567
1434 1247
2484 1247
2485 1247
697 2562
821 800
1818 1490
251 1068
2568 498
2568 2569
498 2569
688 301
1997 1924
1997 1923
1201 932
2375 2570
2375 2447
2375 2468
2570 2447
2570 2468
2447 2468
1421 1663
55 170
693 47
1630 697
738 18
123 18
2248 1583
2248 874
1583 874
2185 2510
2303 2571
804 2572
2562 1594
523 1320
523 2573
1320 2573
2219 2182
2219 256
2550 924
569 676
569 697
1404 2032
244 87
1297 981
1297 2185
981 2185
1715 1185
1715 79
2425 152
1493 2574
1493 2575
2574 2575
1956 1630
1945 732
187 1885
187 757
187 758
1153 1885
1153 757
1153 758
1136 1885
1136 757
1136 758
970 2576
2034 677
621 640
2272 942
2577 527
1171 2578
2579 1258
2580 2581
2582 2560
848 1408
77 2583
2584 2143
1192 1360
276 2418
1842 1467
2387 2585
2387 2586
2387 2587
2585 2586
2585 2587
2586 2587
1171 164
1171 562
1171 561
164 562
164 561
39 1255
39 2513
1255 2513
1605 2588
2589 2590
2589 2394
2590 2394
2591 303
501 2592
2592 550
2408 690
2593 1950
2515 802
2594 1951
2595 2596
2597 2182
2597 1251
2597 256
2182 1251
183 2598
183 1277
183 810
1277 810
874 1280
1805 1360
2594 2599
2594 2595
2599 2595
101 105
399 1109
401 1109
182 220
12 404
870 2600
870 1210
2600 1210
1118 941
1118 675
1118 674
941 675
941 674
941 1091
942 675
942 674
675 1091
674 1091
220 2601
220 179
2601 179
1153 1436
187 1436
980 63
980 2602
2603 1239
92 459
1669 57
2383 2604
1251 1653
174 2605
174 2480
2605 2480
835 750
2404 2397
2404 1096
483 382
483 2390
382 2390
13 651
13 2583
12 2583
651 2583
2606 2607
1096 2022
2608 37
2608 38
57 459
2503 1446
2609 313
2610 2611
2176 1669
2175 1669
1135 980
2593 224
2593 1951
224 1951
2610 2612
2611 2612
2613 313
2613 315
2614 2468
2614 2615
2614 2616
2468 2615
2468 2616
2615 2616
2617 2618
314 2617
314 2618
313 2619
2401 1162
2401 1199
2401 2620
1162 1199
1162 2620
1199 2620
2621 2053
2621 2622
2053 2622
463 2623
1735 1976
2311 2555
1531 2608
1532 2608
2181 2624
2603 2529
1997 1868
1529 2625
964 2626
2272 1924
2301 2383
2288 2383
989 2383
2627 819
1182 474
1182 2134
2550 2628
2119 2629
2629 2630
1919 215
1919 1880
2631 1930
2194 2461
2194 2349
2461 2349
2538 303
2632 2377
187 609
2550 2633
2633 2536
2633 2535
1666 2634
2635 1976
2635 2144
1976 2144
70 26
1347 2636
1429 2636
2636 487
2637 1669
1743 2012
1742 2012
2535 303
827 830
827 1389
830 1389
1634 1044
1633 1044
1497 2638
110 1219
2639 734
2639 889
2639 1568
734 889
734 1568
889 1568
2425 1216
1376 2640
1728 2514
1669 2602
2162 2641
2151 1418
2642 1253
2642 2643
1253 2643
2640 2629
2640 2119
216 2644
216 2645
217 2644
217 2645
2644 2645
2646 2647
1103 2648
2649 2520
2643 2650
1142 504
1142 2651
293 2651
504 2651
414 1560
414 1346
1429 1560
1429 1346
1560 1346
846 2652
2652 1529
2464 2653
930 457
1997 2102
1997 1127
1997 2153
2102 2153
1127 2153
1882 216
1882 217
1007 249
1590 2654
153 2354
152 766
2655 754
2655 1706
754 1706
1919 2119
1920 2119
1920 2246
2194 2614
2194 1939
2614 1939
2513 2192
2397 1563
472 1182
1770 1732
1770 2656
1732 2656
160 2657
1377 1065
1065 1861
1023 1034
2611 2658
2658 2612
621 2659
2660 2661
1625 2662
460 2663
494 460
1670 1227
1004 770
795 1289
1323 266
2664 1289
2658 2637
777 1405
2665 2637
652 1018
2036 1018
1075 2666
1075 2044
1075 1252
1075 1740
1075 895
2666 2044
2666 1252
2666 1740
2666 895
2044 1252
2044 1740
2044 895
1252 1740
1252 895
1740 895
1242 2198
1242 1803
1242 453
2198 1803
2198 453
229 702
229 1946
229 974
229 621
229 406
702 974
702 406
1946 974
1946 406
974 621
974 406
621 406
2031 777
2031 2667
777 1730
777 2667
777 1934
1730 2667
2667 1934
1818 2522
2511 2041
1771 877
1771 878
1772 878
675 699
2228 1176
921 1176
904 1675
2668 751
2374 2481
1770 2660
1770 884
2660 884
831 1555
2044 1998
37 2595
2669 1373
27 2383
60 2383
1757 772
1758 772
2670 1172
1172 651
51 1583
219 1032
1642 1032
216 2102
2102 217
217 1127
560 2652
1452 1334
1452 2671
1452 401
1334 2671
1334 401
2671 401
2625 2652
401 2213
720 1329
2672 1250
2673 1149
2673 1153
1535 1555
1447 734
786 2674
786 2475
2674 2475
784 1489
1649 2675
2455 2676
2456 2676
2303 2677
1252 1756
1670 2678
2679 1252
2679 1581
2679 1544
2679 2680
1252 1544
1252 2680
1581 1544
1581 2680
1544 2680
102 1732
102 2681
1732 2681
400 1109
2682 2683
2682 2049
1472 673
304 2684
2684 305
2685 2686
2685 2687
2685 1041
2685 2688
2686 2687
2686 1041
2686 2688
2687 1041
2687 2688
1041 2688
612 2689
2689 613
1453 2690
2590 434
2691 1144
2692 1543
648 353
2693 902
2693 2224
2693 1717
2693 2694
902 2224
902 1717
902 2694
2224 1717
2224 2694
1717 2694
2695 1791
2476 1839
2589 2446
2696 1957
1957 1297
2028 2257
2028 2697
2257 2697
1477 1684
1957 2698
1957 2109
2698 1956
2698 2109
1956 2109
1957 981
981 2698
1144 814
2698 2699
2109 2699
1956 2699
1957 2699
1956 2696
2696 2698
2213 1656
2257 2700
2257 23
2700 23
1957 1698
2698 1698
1956 1698
1434 2408
2210 2700
2674 1489
1410 2701
1409 2701
1259 1396
2109 2696
748 2696
748 1956
2696 1278
1956 1278
748 1284
236 539
1155 2414
1156 2414
2414 1157
2414 1158
2702 1410
2649 2069
934 748
701 438
2703 2534
2703 2536
2704 498
2704 2569
2705 2706
2707 2708
2707 1227
2708 1227
895 2709
1411 2709
1686 1472
308 2710
2711 888
2712 1144
2499 2528
2691 366
366 1144
39 1312
2713 2714
2713 1543
2714 1543
1003 2715
924 2715
2716 2717
2716 1615
2717 1615
27 244
983 2718
2022 1071
502 1522
97 1522
2653 2719
64 41
488 2720
442 2349
664 2123
1940 2721
1940 2194
2721 2194
1157 1003
932 2276
170 488
2722 1229
2722 662
2722 2723
1229 662
1229 2723
662 2723
2620 2724
1157 2551
1157 2552
2551 1158
2552 1158
368 662
368 1229
438 2725
360 707
2726 873
2726 571
883 11
11 480
895 912
292 438
292 571
869 599
690 599
293 505
1543 1710
1528 263
2727 426
2695 260
2590 260
2728 1452
264 510
119 2729
754 943
754 651
605 2730
356 605
2731 1980
994 571
994 294
701 294
1146 1825
1144 887
1144 1825
2732 1109
2732 1111
2732 852
1109 852
2695 997
919 922
2733 378
12 2734
943 2734
651 2734
2228 2734
2228 754
669 2734
669 754
659 2734
2734 754
1985 2735
1985 2736
2735 2736
12 1119
754 1119
669 1119
1119 2734
2731 2737
571 2738
1465 2739
2344 2740
569 1847
572 1847
2339 458
2339 2741
2339 439
2339 1282
458 2741
458 2338
458 439
458 1282
2741 2338
2741 439
2741 1282
2338 439
2338 1282
1884 2742
2702 2371
2371 1410
1864 1057
2702 2743
1410 2743
1861 2641
1863 2641
1863 1377
2641 1377
2744 421
2745 2744
1221 935
1221 571
1883 1863
1883 1065
1883 1377
1405 1773
888 932
2701 2702
2701 2743
1430 2618
1430 2617
2746 2618
571 505
923 2747
923 2748
2747 2748
1930 2642
1930 2656
2642 2656
2642 1167
1165 2642
2642 368
580 1127
580 1126
2749 1882
2748 1003
2748 2283
1839 2750
1839 899
357 2348
1934 1405
2751 784
1489 548
1841 361
1404 2475
2491 2473
2674 353
522 2491
522 2473
1160 2266
1160 809
1159 809
2266 809
564 2752
565 2752
564 1202
564 1606
1202 1606
1202 2752
1606 2752
1144 2753
39 2753
1159 2753
1160 2753
389 2753
369 2753
196 1439
197 1439
1439 198
611 515
197 212
1052 891
1052 2754
891 2754
891 1053
2754 1053
307 631
2702 1409
178 2069
393 212
23 2706
23 1221
434 2589
431 2395
431 2589
431 2394
2395 2589
1877 724
2072 367
2755 272
2755 2208
2755 2364
2755 1910
272 2208
272 2364
272 1910
2208 1910
2364 1910
2473 2090
23 319
522 136
2473 136
2756 419
23 2210
2491 136
2757 1181
2757 2758
1181 2758
2569 136
2759 1181
1181 1772
1772 2757
2404 1182
1182 1096
2210 2760
2455 1617
1617 2456
2711 2651
2761 2274
2711 2762
2711 2763
2762 2763
303 1100
2210 1109
2552 1963
1878 1396
1878 1400
1878 1351
1878 1306
743 88
1250 1480
2520 2764
1358 1353
1358 2306
1358 1587
1358 2765
1353 2306
1353 1357
1353 2765
2306 1357
2306 1587
2306 2765
1357 1587
1357 2765
1587 2765
1360 119
1360 115
1744 1910
2766 2093
2766 2767
2093 2767
708 789
708 1124
789 1124
673 1299
2768 2769
2770 2771
2770 2769
2771 2769
2028 23
2028 1221
542 887
542 1146
2521 1254
1889 11
1889 2772
2772 1244
1889 2034
1244 2034
2034 1787
522 2773
2774 2482
2774 2770
2482 2770
2606 2125
118 546
1105 1138
1138 1104
1813 2584
1075 1681
2666 1681
1681 1252
1681 1740
1681 895
2775 1261
2584 1360
1688 1908
1688 1957
1908 1687
1908 1957
1687 1957
2776 1306
2777 1005
97 438
1908 2778
2779 2780
2779 1228
2780 1228
999 1737
999 1853
2388 2781
2388 2782
2388 2783
2781 2782
2781 2783
2781 1180
2781 2385
2782 2783
2782 1180
2782 2385
2783 1180
2783 2385
2581 2662
1284 2784
2385 2785
2662 2786
2787 1677
2787 2197
2787 1669
1677 2197
1677 1669
2197 1669
1793 1260
117 2776
1386 1853
1853 1360
1637 2758
1637 1690
1637 2788
2758 1690
2758 2788
1690 2788
1418 2789
2790 203
2333 2791
570 97
2792 2793
2662 2793
2662 2794
2793 2794
2793 2786
2794 2786
1981 144
1981 786
1981 2718
1981 356
1981 2299
1981 2795
1981 2037
1981 689
1981 9
1981 1349
1981 1023
1981 972
1981 573
1981 260
1981 1997
1981 2796
1981 2797
1981 218
1981 1397
1981 489
1981 1345
1981 783
1981 219
1981 2798
144 786
144 2718
144 356
144 2299
144 2795
144 2037
144 689
144 1349
144 1023
144 972
144 573
144 1997
144 2796
144 2797
144 218
144 1397
144 489
144 1345
144 783
144 219
144 2798
786 2718
786 356
786 2299
786 2795
786 2037
786 689
786 9
786 1349
786 1023
786 972
786 573
786 260
786 1997
786 2796
786 2797
786 218
786 1397
786 489
786 1345
786 219
786 2798
2718 356
2718 2299
2718 2795
2718 2037
2718 689
2718 9
2718 1349
2718 1023
2718 972
2718 573
2718 260
2718 1997
2718 2796
2718 2797
2718 218
2718 1397
2718 489
2718 1345
2718 783
2718 219
2718 2798
356 2299
356 2795
356 2037
356 689
356 9
356 1349
356 1023
356 972
356 573
356 260
356 1997
356 2796
356 2797
356 218
356 1397
356 489
356 1345
356 783
356 219
356 2798
2299 2795
2299 2037
2299 689
2299 9
2299 1349
2299 1023
2299 972
2299 573
2299 260
2299 1997
2299 2796
2299 2797
2299 218
2299 1397
2299 489
2299 1345
2299 783
2299 219
2299 2798
2795 2037
2795 689
2795 9
2795 1349
2795 1023
2795 972
2795 573
2795 260
2795 1997
2795 2796
2795 2797
2795 218
2795 1397
2795 489
2795 1345
2795 783
2795 219
2795 2798
2037 689
2037 9
2037 1349
2037 1023
2037 972
2037 573
2037 260
2037 1997
2037 2796
2037 2797
2037 218
2037 1397
2037 489
2037 1345
2037 783
2037 219
2037 2798
689 9
689 1349
689 1023
689 972
689 573
689 260
689 1997
689 2796
689 2797
689 218
689 1397
689 489
689 1345
689 783
689 219
689 2798
9 1349
9 1023
9 972
9 573
9 260
9 1997
9 2796
9 2797
9 218
9 1397
9 489
9 1345
9 783
9 219
9 2798
1349 1023
1349 972
1349 573
1349 260
1349 1997
1349 2796
1349 2797
1349 1397
1349 489
1349 1345
1349 783
1349 2798
1023 972
1023 573
1023 260
1023 1997
1023 2796
1023 2797
1023 1397
1023 489
1023 1345
1023 783
1023 219
1023 2798
972 573
972 260
972 1997
972 2796
972 2797
972 218
972 1397
972 489
972 1345
972 783
972 219
972 2798
573 260
573 1997
573 2796
573 2797
573 218
573 1397
573 489
573 1345
573 783
573 219
573 2798
260 1997
260 2796
260 2797
260 218
260 1397
260 489
260 1345
260 783
260 219
260 2798
1997 2796
1997 2797
1997 218
1997 1397
1997 489
1997 1345
1997 783
1997 219
1997 2798
2796 2797
2796 218
2796 1397
2796 489
2796 1345
2796 783
2796 219
2796 2798
2797 218
2797 1397
2797 489
2797 1345
2797 783
2797 219
2797 2798
218 1397
218 489
218 1345
218 783
218 2798
1397 489
1397 1345
1397 783
1397 219
1397 2798
489 1345
489 783
489 219
489 2798
1345 783
1345 219
1345 2798
783 219
783 2798
219 2798
2421 719
1784 2799
2800 289
1662 2801
2802 1708
2802 2803
1708 2803
2804 2805
2804 2257
2804 1662
2805 2257
2805 1662
2257 1662
2806 2397
2806 1074
2807 1907
2807 2808
2807 2809
1907 2808
1907 2809
2808 2809
1907 2810
1907 1998
2810 2808
2810 1998
2808 1998
1096 1253
1096 2115
1099 1253
1099 2115
2428 1906
1252 167
949 1111
949 924
1111 924
852 924
129 93
2656 2643
2053 2067
2053 2289
1230 2811
2514 2176
2812 2310
2310 708
2071 2064
82 1803
1353 1747
2712 2813
1051 1441
1050 1441
270 2814
827 1365
2815 1740
2815 1167
2815 2647
1740 1167
1740 2647
1167 2647
2311 1180
2816 931
2817 2818
2817 2545
2817 2819
2818 2545
2818 2819
2545 2819
2820 83
2820 887
83 887
2045 1430
1803 2821
1803 38
2821 38
2821 670
2821 453
38 453
670 453
1881 2822
2306 1354
1443 90
2823 493
2823 237
1991 2340
98 2824
2800 2739
963 962
725 123
2825 1135
1261 2010
1386 1261
1386 2775
1261 546
2100 2772
2099 2772
2584 1261
2584 2775
2000 2052
2826 1167
2826 2404
2826 1173
1167 2404
1167 1173
2404 1173
2827 2828
2827 64
2828 64
1581 2829
2828 2830
2828 2831
2830 2831
2788 2832
2788 1581
2832 1581
1588 416
1588 1695
416 1695
2668 1355
2306 1747
1355 2307
1696 1355
2833 1601
2833 2344
1177 2834
2834 1096
2779 2835
2836 1355
2836 2837
2836 2332
1355 2837
1355 2332
2837 2332
2645 1927
2645 1023
2645 1127
2645 1126
1927 1023
1927 1127
1927 1126
1023 1127
1023 1126
2838 2839
2838 1888
2838 2840
2839 1888
2839 2840
1888 2840
121 1360
121 220
1360 220
220 1805
769 2841
2842 2464
2843 1285
2844 944
2544 2845
2544 2775
2845 2775
2729 115
2498 241
1688 14
14 1908
944 2505
2428 2846
2832 2393
2393 1581
2847 2848
2847 2849
2847 83
2848 2849
2848 83
2849 83
552 2848
2847 540
2847 542
2544 1813
2845 1813
981 2850
2851 981
782 1698
782 1284
1698 1284
1698 1289
2852 2831
80 2853
2854 477
504 72
1931 2855
1911 2831
2856 327
2857 102
2857 104
2857 2858
102 2858
104 2858
1075 1100
2397 2859
472 2859
2859 2860
2859 1769
2859 1100
2860 1769
2860 1100
1769 1100
2398 2859
2400 472
2400 2859
2861 1228
2861 1227
2611 2862
2611 2863
2611 2460
2612 2862
2612 2863
2612 2460
2862 2863
2862 2460
2863 2460