56681
18890
56566
2728652
30904
19946
62542
62535
60752
18069
4024400
2088110
637380
2090026
806461
67141
2084227
423707
53970
2084040
56830
2088260
18820
76454
36810
55499
57571
34888
55590
34641
50598
700706
60467
93697
206232
2090990
308006
94020
94253
24880
52242
57932
2787242
255360
79102
2917632
63258
52162
2715154
44020
75748
41775
47232
2917142
62772
509376
89671
982271
66460
53945
51387
59152
50921
39751
1097780
51794
51460
2086487
80035
2088562
2088489
64388
69907
56701
49561
26875
64263
2783710
64259
63279
30780
63428
94764
2083824
2089768
68340
43137
55673
42734
20910
56361
60874
1400231
1020446
86240
5120503
2084908
73194
61392
75366
47531
37710
77991
5173670
2742972
37467
47527
1558129
2598637
180433
2109126
52590
521742
1401722
1088831
830802
2448880
1835772
43415
40986
2443401
37561
5888672
285861
2082761
67008
2085580
2084252
77292
1624662
70486
53563
37811
37922
83956
95827
56458
36358
69459
2085124
1611960
36560
38642
80546
90012
38430
1869425
43565
52093
61019
90120
67951
85350
52753
22568
14576
55669
5189401
581600
70274
86959
2090861
56570
93492
90993
81759
5140774
80696
62712
55158
94600
2431439
2457042
61339
75752
71379
85412
40972
63731
58961
2471577
2442716
52388
75800
82872
5205537
67360
74469
92313
86834
617690
47913
1047835
486013
79360
699362
3093702
60071
32402
43287
5326861
1912260
2528301
87835
1641327
5365643
58377
18924
66095
79572
3355457
70909
2090311
55721
91080
95379
80185
93975
89883
69397
66380
51599
5250925
92907
51196
70677
71104
69463
81763
74671
2084717
1047832
1368041
58846
59145
91931
40005
16196
2087807
2090197
2089862
87092
64666
620795
2769022
2715050
67871
71038
45932
71254
70037
78651
2559362
77264
1403745
2088235
43822
5265437
5115675
5105253
86427
2085451
1423212
2060641
70868
42539
92442
5335545
2917761
88221
36831
87690
40221
1781306
77347
2918122
43266
5299132
41073
5255936
80118
867988
71188
86726
61412
44312
49881
2783731
1429319
24942
71532
2085191
48445
2177888
59382
77945
49533
461311
61065
77966
51428
2627329
46082
81300
54741
94016
74664
2089452
29238
562407
60731
71942
5481630
1479073
133930
2143528
54821
1863482
44952
2086358
16536
2082994
64026
20191
83111
41625
31401
31586
90523
31721
31610
67224
37255
31478
58485
17113
39970
1523291
67673
41820
31839
87112
65368
84770
31530
2083491
2088812
51943
90652
48192
5548978
5105319
81078
2086282
68271
81001
64590
867140
73767
38617
40520
91204
50351
2809217
77368
36491
36528
39521
2728408
66373
24719
44906
5281467
70315
58662
71528
38322
1481416
72359
76537
68531
2748018
2086337
36806
142771
2084850
92824
92504
84321
73371
3177556
79798
44121
2808842
5317755
38318
93450
84881
84874
42720
69949
57654
33675
33633
59399
77094
2917396
44402
2089809
27834
49849
35569
50813
5126659
95601
56524
30713
58954
5305690
37853
38072
462329
38019
75939
55040
38221
80400
38256
1161882
1213890
49126
38044
2082799
38684
49641
38405
49602
38472
2091646
76902
49112
35889
32931
72961
5153268
39598
84512
5174235
74639
222602
35750
42060
45654
41559
85621
63241
5255132
49050
2413665
2084697
53521
2084294
54842
60050
78709
48070
5298825
5348165
1312900
48574
76047
2089240
71622
5196567
45720
66571
92852
26086
26242
47058
53480
88482
5338261
47677
54140
57251
44628
1872155
88923
65048
26771
49276
5357581
16258
837790
2084791
55700
2088385
76861
2142851
57164
36574
36111
61621
56778
2289409
21247
45532
2174328
73173
93210
72050
1374094
5199777
5291671
95341
5192553
2641531
47573
2082020
49766
2085187
680285
2917607
51686
1201170
37022
71132
13982
41712
17242
74514
83254
2082722
290676
67993
57313
82681
58269
45380
85684
68184
39469
1869297
88836
56587
39174
2022606
82569
5192596
52284
896341
2090238
36282
2812736
73663
5131269
96338
57702
1342289
70826
52645
48960
2917340
72297
50448
36702
72901
69355
93530
85812
53782
460219
76180
60471
43652
25241
5317660
2085677
2086751
2004300
90892
81377
75582
451675
78310
25731
47701
17707
5301109
5145440
93634
76263
88562
70378
662698
1994398
1751358
1451732
2917375
51710
79054
41080
39195
498802
775033
1988460
57081
28046
2917333
429464
68722
48831
584023
2915373
63630
54477
43401
71212
81568
70656
53393
83261
94232
2155661
1829041
68628
80376
1272510
641148
1866001
522402
88155
1894010
2718178
68080
2091031
59419
1917748
68823
90137
1354185
3034212
2087209
747664
56948
751777
45122
1248210
22269
1513550
94301
52176
1787511
3449503
30435
76012
48935
45824
2532821
300572
582935
22680
22248
58231
18611
3176318
1313672
3567512
1076212
53604
1097498
21212
2087679
1047237
43721
1397109
64113
83452
86685
43523
1505492
52923
95622
60001
14426
500022
2089751
50278
29026
174439
53160
83337
2089500
1459101
50215
92588
17631
2807970
43839
2812778
2089577
82893
1882010
42161
2088051
2916714
20361
76691
85256
2505643
61110
99971
94722
77591
497332
35016
2502171
82260
1506301
65782
29141
2143553
92171
66272
83212
75540
74153
79137
2260193
2087071
899236
73242
1263621
92737
52691
1123465
47378
888672
70490
88951
761611
74726
271045
25895
44211
90972
657271
82016
36021
90694
72596
1231705
74581
59792
70792
83125
64051
337812
338261
1491734
2002152
1372690
49064
1610600
55210
2149858
1160391
70785
74556
57852
71852
1499580
34360
461499
2427462
2453566
2603740
82361
58015
74820
40562
2812308
1993230
88346
79714
37936
397302
4866167
85704
81940
2055371
2699720
1496301
89632
35830
86712
79040
29388
54421
51449
58356
2918077
1283422
43102
2084036
2548770
76944
3268616
24358
82002
91681
548978
2921508
59913
60957
741511
921154
34763
1263552
51154
1782054
93186
205252
35037
1554574
47743
89409
89393
2086491
1411442
2088343
2082653
62685
87748
1240560
47997
78817
47909
56121
2143657
89413
1484103
2083571
89368
2143682
2783874
58975
2601859
49616
75129
87366
67082
1981866
67843
90627
2721082
1484166
76304
95960
15299
20886
19272
1513734
26920
2917524
1400871
402440
76311
156175
53542
2084015
1511412
1178352
41048
81443
2084609
94490
49582
43082
2032820
94315
42400
18121
51623
1912037
32204
87856
520251
2917420
79627
2799562
96641
3359701
74473
85962
81401
2090012
1205038
81871
38534
180645
61090
75258
65671
71921
1925532
2089855
88180
1507192
89611
3574816
67183
65135
71765
1290149
90328
64919
1106326
1960208
48104
44076
1842186
2091775
36424
18393
281467
2260189
2083014
56722
60533
46186
2731819
79266
59805
2091351
2090652
66202
74855
3056589
1827060
79311
52930
85920
1440876
2464141
56100
2087255
50240
86809
68591
188914
90850
17520
2087213
34846
425709
65890
90735
2087363
69911
86452
2086869
58912
91872
2084485
88691
54053
34151
470624
3608517
77100
92118
38200
1086864
47281
37432
39070
383078
5366509
2087043
47569
3784626
44382
2443036
67839
91462
86278
1029101
51985
34613
25168
2536123
21442
70124
3263948
210467
2086581
38350
39236
1627901
81512
60130
85555
277802
85732
58360
2808004
2087234
806200
89243
41031
2798202
26861
44483
2801205
2087770
51220
3575762
331841
58530
91232
67502
46975
16175
2412448
66734
42842
2505834
265437
42178
25508
92484
78331
88311
80438
2083139
59002
83977
1732388
1159444
36452
41688
85051
72575
2089480
68225
48528
852501
3011092
68204
41910
29346
1618543
1292429
1747374
72126
919540
67850
1085647
84508
88325
76093
1005845
2090325
86970
47110
396573
90008
75370
45021
92911
1809212
21720
246512
49787
17670
74970
1607245
1245113
45682
78780
87922
21014
2443933
1354417
2082503
87943
70228
824701
70232
40541
2745102
42157
1482000
73180
52433
94642
2084401
2084206
48744
1262102
14131
85941
2339940
1177330
86938
2088392
49791
74319
57758
96602
45355
995988
1328178
251925
1773940
76259
178173
2921683
2104653
2084102
81190
2795147
36132
3426567
69313
46697
75154
78870
55141
2696592
1997770
70472
87950
74003
61152
2765950
1950958
1325602
2090162
931833
71431
1500393
74768
991639
95640
2410363
2086125
25317
2104097
44757
2771561
1192421
28582
1689219
851066
36091
40141
74160
94083
3047915
86500
3382090
2762943
408752
2801164
50222
2260147
92491
3414470
86319
90930
89538
431662
3656435
83470
91736
71786
620944
81742
250837
40652
1522794
393462
2700999
3647150
48678
50323
2145792
76670
88030
363472
35997
51092
1742351
102098
483646
397254
2796430
92741
63623
85902
66992
2089473
69974
72832
1141243
553074
76878
67203
74222
25471
53027
29408
1097693
2086021
54394
2086229
2096589
3368462
2991320
78630
2082973
49512
2088600
32020
1519636
2113497
22700
207205
3057621
41239
150492
1661351
35614
1915902
59191
89239
1596157
85405
43947
35573
74560
91851
56653
25189
60213
276162
33546
59962
63842
88878
2087922
70830
51602
39862
85916
91250
2565133
99964
48111
48730
1053784
88440
3223814
1110356
51112
2192023
2391283
81422
86793
75050
57056
1564961
35465
1533070
45042
94295
49467
1783653
34700
92995
2089132
71935
539258
35962
72172
1175279
53733
523894
2083355
1193655
3381961
592871
85301
2155790
35913
53347
20823
71810
2769634
49300
3354310
60922
2795616
63071
26854
2943642
77584
18782
35580
2918101
73861
50970
1393982
2150203
439552
39344
2084961
2082952
36848
24553
1160471
84450
60492
2177589
850235
28561
49554
235343
3379565
47472
72554
70090
58342
2090388
78460
93269
90245
423200
2472175
70340
59739
53201
21463
40882
838940
2084770
85260
2917782
37620
50521
18966
2084321
1356851
1960640
383252
20761
88972
2431492
37637
592530
74257
19539
2436052
650211
35920
470857
3665011
71491
34471
1166011
48786
85364
1121661
498041
46850
1669655
1582047
121624
87727
932643
75474
88861
93912
37575
2624160
2638291
560541
91695
89497
69629
979412
369551
1829611
2917927
37683
37616
37529
37770
2802001
86149
2044455
1573415
38152
2506665
2087791
92421
1207152
26916
40433
48772
85580
86841
63310
37703
51175
58273
82805
105091
2917674
26750
1586396
66178
1848856
31590
26638
2549614
1266597
530311
1319629
2000845
84039
2917441
2083397
77073
2926201
1021808
3660792
2088281
70103
69226
1532106
34530
68969
78049
92150
3581637
59997
2085378
2065897
520101
87046
1532684
91531
32329
37533
1763595
60321
2083122
403232
1407749
44545
677930
24827
579927
53802
28460
90801
264871
75898
1212210
1802740
1497657
870057
25787
145440
949586
77305
49241
68587
2084912
77820
41671
3211112
55519
419261
1688160
91927
40440
1045343
40311
63672
58123
2142889
25018
2553644
2482562
833660
78095
2454758
20437
2917510
78776
24960
86111
2455227
50772
2089535
1824092
2082628
57845
2599513
16706
69675
68117
58742
60359
1663728
92081
84683
17951
17180
2088638
56628
28428
70357
1431094
79141
54373
2917159
26882
1384672
1031337
43972
1123191
1034542
70805
16752
26691
3665004
44490
64141
56632
82934
73854
622223
494923
1689780
1446851
1164815
2187080
75619
83038
35041
50132
3225181
49234
53455
32013
3567568
26725
601459
50111
33702
106404
92101
2083702
1673427
77931
33762
179938
89177
3177577
75901
25071
59090
25512
43631
2913801
2088221
81676
21546
89890
2087901
46144
726667
2088173
89389
83636
86153
86577
87161
49262
47016
20524
62834
1157272
77862
1818911
72404
2086038
2088350
36981
35698
1223081
3034254
1519431
67519
1934907
3034470
2086275
40180
36410
47868
1989795
2096655
518741
49575
46512
1225872
2564302
46811
35764
93572
76120
1475659
844502
2991806
61541
51922
1860026
72039
2084634
2082695
63690
1492328
85343
2445921
57247
2087338
2917566
39299
77480
26562
89775
88026
48167
662677
1915019
2498538
979468
943106
42306
172701
90395
69272
2085357
68462
2088576
88990
2917055
44340
2582205
54442
2086111
50900
761326
19032
66053
2486160
70361
93742
2338696
60022
654917
57122
51578
61670
151211
65802
2084589
14051
89796
1279386
1678777
85214
59868
1393791
40162
54161
89347
102758
2090051
1783312
1196168
51310
40012
57230
1409032
17238
1985321
1584713
684629
83790
43735
88732
2916912
2783262
60849
17134
59110
30689
57320
59103
406451
44159
42115
1037754
1109211
1905004
1661469
48553
94322
43871
4994532
66140
34130
52332
48900
2081989
1941965
733297
89987
2796131
76030
71744
1425041
2440502
2094382
70207
2537249
293039
712672
71146
60384
51011
37450
348165
1434570
19672
68906
67190
19095
132651
2531991
2084248
51964
639656
1514120
37690
80164
180162
74448
25234
25384
106172
99046
50024
41538
1128004
18667
40840
81231
43183
2177832
48362
18688
65312
2112902
56441
777380
42651
2098827
2779660
68483
60554
49317
1509110
2088958
60512
2087488
37363
1519132
59340
47211
2427121
1402831
34954
2087540
1840211
235281
2056632
306161
2085868
2087297
2291462
37540
1403193
771202
39386
1536347
2261555
30859
549663
2142750
67694
87540
3444835
774870
4847990
1531359
3795409
4854511
2159686
64645
1078962
51071
1928598
2566367
1047769
170331
2518540
155469
1109117
2390344
38281
53570
2090795
88304
91211
1583858
91009
108622
85541
3791509
1546971
1495721
2482256
1869151
1232835
2807195
39494
35594
3576332
2417565
66442
81551
2085698
3176600
1311322
84411
903852
4565404
2699852
71171
1394426
85127
1910702
2513253
2263370
67033
2440102
18584
51067
29583
91524
2917312
63324
72540
69400
94090
47090
191992
3660909
1647601
46996
2087105
88392
639792
2917570
3057274
77729
410630
4863887
68952
83491
16985
57661
95070
2558681
43801
2988267
93568
2090645
3571174
1522860
1956461
601762
83640
43551
481814
1262996
2085743
52899
233403
242081
86876
76113
47041
2810884
1362761
1682491
55610
79694
1080534
2918056
2088180
43436
1953541
36233
17986
43912
73670
425950
299842
52822
43519
1124935
16623
87216
1406665
3442534
1954441
1378758
55012
65177
2917851
35002
24772
1471547
1910309
470990
67968
3403697
82792
42290
39323
1684580
214113
3055633
1607544
2084641
2803743
3380907
32632
55652
73235
4983370
1599525
1260736
89372
2084471
25766
1710219
48296
3023241
1034406
3442541
2086914
37915
88141
1607972
56649
60770
77688
1979817
2698458
78081
83622
2801320
795290
26704
70253
2518216
2085423
75623
2084954
93551
49193
51108
2551322
1068703
2430571
543329
35399
87939
37370
71636
37471
1673261
79951
94701
26430
40645
85023
1896781
252843
2088840
3526238
2917204
72745
1914321
923862
1350218
18692
2249641
1953645
62622
2082819
79673
76197
35980
448890
15448
51501
44695
1976752
94062
58908
57866
928335
95320
81547
85597
2087391
33810
51522
76965
33907
661912
20308
68799
1929515
345519
53883
2143661
19060
531552
615336
2476700
40263
2087787
72620
75842
2085041
68163
33824
2090440
73322
51202
58151
68479
1799998
551749
55353
137531
81811
81471
40200
2600330
86671
2087999
94451
82600
132773
25276
2117056
81082
75140
592933
1191076
51453
50705
33911
123518
3537800
45661
1352673
95084
75856
1062700
69309
2262149
2087262
1255692
2082681
2082674
89708
2779994
82281
64861
51557
2795703
1463350
2462031
67885
67610
69056
62427
2086900
1899652
79183
20510
2086091
42571
20483
93321
2517917
1932631
72787
1708133
1501272
155003
65667
81186
87258
37731
955194
2451612
940552
2411489
155153
30911
57696
87331
740232
2461801
78838
35642
71084
20927
59893
61256
35934
1229403
2327676
69953
214666
2090502
1739548
2085660
2086320
71831
70980
2089921
850704
2470902
2776559
1362650
49508
2582212
15480
70548
265479
82131
86747
85221
54797
93381
39319
1052532
77775
50372
66971
599325
20736
2479589
2090141
1053190
4780627
59295
45421
17972
43012
45974
2087411
2086000
35552
3664820
2455401
2518561
93850
2498048
3230812
3593126
1671508
2088509
17801
2177940
2089111
935010
324082
92525
2500825
2082462
2517730
1758776
91163
91361
2917830
2810373
958176
39793
477110
57212
2083741
93273
387173
28644
2084418
71282
2722253
88475
2310754
1351668
53667
28881
2443314
2647109
21150
2427222
45056
1104651
44080
1945660
2090707
81280
65156
48208
2260321
793065
88433
1000304
3660722
964016
63971
29176
1229615
71390
1853887
1579679
82506
3791597
386658
1044999
20100
1485640
792922
1312692
71091
2090840
548582
2524526
40558
2991682
2087616
2112371
89351
2034947
2493359
2553129
1666287
1439370
1399817
60658
90798
2102223
51748
52026
52030
1732965
82531
81119
1293177
252291
2810460
64093
29270
34294
89782
53879
62897
707078
74386
29537
73711
3444748
70872
53006
78400
1641709
2917740
3665025
2087641
41692
1938957
36275
2917117
69185
82573
1041314
77782
4841322
978450
76815
55328
50880
2980213
85002
52180
1736545
76141
57334
780940
39351
68761
2380141
2842712
29516
538480
21334
3045660
2746962
2087957
45101
25342
2090882
2087317
83900
2084996
2110692
31523
58832
18142
1611341
548915
2752052
57504
54352
79972
87665
2088298
2088983
2089880
55801
64965
2095845
2796750
2085058
20802
242737
1096729
204592
3022302
2088771
77271
3665092
56009
35419
637891
89264
50153
1929202
2104420
2483880
747452
1552804
1662154
72683
90158
40944
1965670
84922
92000
67735
40155
2992404
1305968
2446391
2085430
2103440
20420
1156354
2692712
33042
2224810
24574
31381
168432
80981
47249
55422
1588061
2988761
539672
28731
68292
2086790
2558969
62809
2438836
2089091
39917
57293
2085764
1472315
2087940
57783
2087370
57341
81061
537019
19720
2757954
2082778
848920
2462239
36254
29732
2501295
45762
2087731
92056
83132
1791944
505740
2086532
1339796
364650
2087554
91375
2083995
35739
1244950
45251
71229
2068239
2082649
66776
16495
43307
2090155
64502
2767420
56819
95491
69143
141703
1970721
79374
31993
68851
16202
231381
2790722
1953944
2085506
1615196
2084804
33098
29670
78863
51672
57532
44531
2104994
15521
51540
90436
1680505
1130331
2414631
1814497
2427480
2420997
858226
69640
80122
1315987
2563875
3214870
58401
208227
18559
1117711
365133
3060514
50236
2287460
36042
43610
311380
74052
62469
2807984
173205
3660336
1048012
1929011
625891
59020
85767
1156757
81450
16943
2015150
81850
1305972
3161037
2932661
1270501
60234
2418009
980665
77080
3573291
2082333
22273
19863
4799030
2082566
86070
92810
145259
3257861
2607622
54101
85044
966151
1324427
1218752
2087936
73110
2088916
29990
1830231
91055
2084300
2086981
84338
72533
2917462
2084593
1032234
2458064
91329
2033498
77069
18010
54400
19988
831373
2082232
77761
68170
65434
1352756
18987
1618605
50855
47600
1454051
50386
2461412
651942
445372
57907
88217
60745
3450342
43544
1431879
80974
814832
93022
613380
912095
776009
2071567
494263
55756
2796916
39431
32886
90519
63182
1610594
564611
49807
2084356
54115
2810741
86066
69035
2087703
1058448
2634011
54539
64857
40134
2425108
1722571
34738
50410
47955
1299656
3660743
3446312
46871
66800
54369
948571
54456
54251
19306
50257
2540671
3620348
83806
52732
2085826
2083758
93982
638450
2794132
2090109
76857
2102776
59621
747448
2152355
61580
1591131
685401
66863
39643
50160
67461
64392
407831
47465
2085681
223339
60189
2084057
63578
1981355
93001
35955
36581
68354
66713
59889
1496357
20570
67179
548901
1030785
1498297
26364
75706
42713
329970
2438965
52113
2444131
2778033
70681
955902
4851205
2090583
69932
42626
60126
35851
2918716
1960042
2431846
189874
2441308
56973
427361
2442696
90270
89733
47399
2808630
22123
58398
57150
61002
41326
19950
47656
60147
1411251
24977
61576
60641
32948
2269293
65903
2340021
1788683
1860902
65611
1740533
50087
3054142
93165
2097792
93871
66032
1109865
73990
170310
43252
2799603
888032
54380
699491
2035420
2086661
1744263
1826591
1558630
36507
85235
2086622
867950
36719
1825919
1909544
2089195
58526
32184
92463
3405390
1159253
97451
1780420
2449985
1666968
931131
65100
64496
30842
67523
89966
1936207
2083442
76562
60432
1609484
1435362
55777
90947
24021
1387689
1334828
2468378
2447725
16582
606509
47486
2089494
17482
37602
2083974
364052
57803
57790
88516
42592
2918098
52346
47166
88388
1664351
2795255
1101018
60895
119941
76822
134285
84446
31972
1203273
53441
24723
87241
2091591
643092
32117
758489
83424
3054510
90864
1946831
576372
72703
3428274
2598791
57417
966130
57400
230779
3544739
72811
55839
1469680
57546
1240998
30421
21567
1546449
2089772
2918042
77563
61534
282711
90502
1679121
1053099
66821
4839695
75557
69866
3453241
763864
26621
73684
2348029
423583
27521
1736701
177752
1902209
2438141
634518
34335
50201
