191.8389 -39.20684 -76.10649
198.7639 -41.58124 -77.75499
184.6094 -35.08522 -49.84601
189.8351 -37.58749 -62.1849
202.2973 -42.03921 -57.39724
205.1462 -44.18664 -87.24003
156.4074 1.684495 -37.8553
148.4852 4.305897 -41.52485
28.70343 9.664002 0.320458
18.62276 47.79189 -72.80696
-5.459178 -0.636969 -64.88851
9.418509 -15.14591 -58.1147
-25.53564 -46.87738 -48.56644
-35.96693 -63.67025 -56.5744
-16.58583 -60.94821 -68.43616
154.9193 -86.7262 -64.11858
172.237 -104.057 -60.62667
168.9624 -106.9626 -67.43844
-104.551 -0.293654 -213.2825
-106.2972 0.491102 -203.2352
-109.2269 8.087968 -216.3228
45.80931 101.5806 35.62542
56.33321 122.3901 45.12309
-53.7462 8.919963 -12.24657
-74.50555 -1.306563 -9.532351
79.07806 10.45825 145.1422
73.98643 -7.136894 134.7729
51.73213 -129.3008 177.1351
51.22463 -139.8476 197.8438
59.38905 -142.334 192.9087
61.44577 -142.8277 201.6453
59.30666 -134.8535 197.1413
22.55729 -47.55268 28.57522
24.99446 -46.07771 16.59233
24.97181 -44.15686 23.20322
25.67276 -62.63525 41.55641
32.92574 -38.64674 15.92876
24.20147 -48.71782 5.392876
15.66125 -41.87242 -3.683734
33.10598 -29.53053 14.16587
25.36976 -53.95826 30.20301
19.48945 -56.23154 40.60348
15.33006 -34.66341 5.958083
9.270871 -28.38552 9.50373
-80.0799 35.71291 18.94326
-111.9983 37.77648 36.67567
23.36194 -112.1834 124.1386
21.60493 -106.2682 101.502
-380.9333 -417.1859 603.3524
-364.9098 -409.9709 595.7791
12.22574 -34.07365 -20.41292
24.91146 -33.67371 -82.2653
19.7716 -34.69212 -49.78781
23.32309 -147.3955 184.1686
27.87395 -113.7716 170.5226
39.00381 -95.5183 119.3628
43.13227 -108.4224 109.9216
109.3136 -141.3582 100.9482
116.3445 -158.2846 113.1855
56.4058 -113.642 174.9624
61.24624 -103.1966 159.1256
95.89117 -100.5289 138.6699
77.87654 -96.6202 125.1755
19.11459 -136.3719 89.12413
1.322504 -92.28134 67.34755
-205.92 24.66832 -17.70717
-182.6733 20.75376 -18.9993
-564.9246 252.0895 34.34767
-555.8484 241.8666 35.6336
-575.1301 248.3501 35.65005
66.0052 -48.34296 150.321
63.43795 -68.25336 136.9798
-11.35271 87.90517 25.84091
3.029539 116.6427 37.8501
153.0877 31.39096 67.03992
135.8797 21.90865 54.01517
12.72379 -61.55463 -65.43378
-1.107145 -62.74901 -46.01749
1.525367 -63.1687 -61.74007
295.8293 95.30643 -135.6839
317.9928 104.3109 -146.6803
1.100348 -225.7032 -4.934407
-7.953947 -170.1084 -14.02007
-39.12724 80.3834 22.99917
-71.00634 48.70327 17.292
-50.76263 37.87083 7.301431
27.51823 -108.6253 111.0264
29.30307 -95.31487 95.10466
31.60721 -117.459 114.4988
222.1956 -48.89217 -59.29535
59.81916 -132.4086 142.5917
69.72374 -116.2063 135.2848
80.60124 -127.9768 128.4113
-14.48755 39.44634 67.05965
-11.90747 24.95765 44.93833
-58.68967 81.16183 35.09822
-51.09512 83.79299 37.1729
-43.3149 65.16573 17.56231
-601.8956 221.3182 38.68288
-583.6992 225.4223 36.22654
-113.6597 0.034278 -222.7382
-113.2542 -7.187161 -220.2788
-34.83772 134.7078 127.2051
-36.85768 147.6291 146.0328
-41.47467 142.2965 138.4677
-120.1628 -3.997438 -218.1047
-120.3073 4.689409 -221.1758
-109.0873 -34.25215 -179.486
-104.0561 -17.96425 -180.6937
-115.4232 -28.95948 -192.7267
44.65844 -101.8416 165.9566
59.9482 -102.6203 176.1019
-8.921912 73.03915 -136.514
-9.365375 68.28443 -130.6108
-15.19997 81.61617 -147.4181
-88.22629 16.2911 -211.909
-79.32092 19.63746 -220.2227
-74.4138 20.70077 -202.4569
-81.9099 9.698141 -212.2164
-83.99749 19.2041 -208.2893
-102.7763 -33.73273 -167.0477
-87.29405 -27.62276 -145.8954
-93.88691 -15.14557 -234.8401
-92.46997 -6.339631 -212.4429
-135.3642 12.28457 -236.8313
-116.7454 14.037 -210.2975
180.3924 -35.25234 -63.93806
-180.5697 1.161727 -79.16386
-202.6821 6.805867 -87.77024
-25.91395 27.27551 66.28011
-30.74087 24.55607 75.16122
12.31492 104.7315 -30.12976
6.154754 82.13689 -23.05677
9.830702 98.22155 -47.16118
-548.9739 226.6084 28.62388
-554.7988 220.2823 17.83617
-72.65541 17.1656 87.83021
-86.99561 15.28108 108.7522
359.7267 200.2755 -73.13078
347.3517 189.6251 -74.14132
-115.1081 48.22338 87.04582
-155.1434 59.4117 123.7631
-2.138784 51.35521 -41.66405
5.778794 57.79025 -63.27064
14.34178 53.8354 -80.44589
2.745068 66.45341 -70.0184
165.651 25.88195 -118.0115
145.8727 26.19902 -108.5414
129.2326 38.08142 -100.5247
157.3094 38.06453 -112.3352
120.7136 4.692913 -97.46089
128.2975 -3.40451 -110.4884
17.54685 -160.9862 171.0075
15.58489 -155.507 152.1778
38.37547 295.9637 194.3412
32.43995 284.4658 184.3763
28.74915 -24.48943 -107.1001
26.60721 -30.84141 -137.751
2.066618 -34.5402 -64.459
53.28856 2.8544 -48.6078
1.046801 -86.82531 -113.4947
-0.717108 -71.97128 -91.08244
93.78886 100.2684 52.93799
79.85011 84.60412 39.78296
48.75288 -11.82446 28.13559
57.97024 -19.29089 51.0542
-10.75521 -12.36961 20.9444
-18.28797 7.2128 24.00962
10.46792 -16.78981 -2.342201
20.80811 -25.56852 27.47466
29.47174 -74.11309 74.36069
-118.7602 -44.62318 -199.2005
-125.6631 -41.41671 -195.9023
279.0367 81.5559 -121.9186
313.7631 82.82798 -130.4287
-32.29198 112.2412 301.3803
-33.0829 108.3171 285.0564
-32.579 120.5419 291.7242
-94.4111 12.62931 -109.1293
-116.493 14.10644 -132.7095
-117.926 19.63234 -119.6925
-112.6055 23.24468 -123.3341
-108.6732 8.24978 -129.1858
97.46453 81.65952 9.205633
84.16164 96.84149 -19.9836
150.153 -26.11639 -109.8817
149.4519 -35.08114 -98.44167
175.0549 -22.97107 -118.5384
164.6804 -65.0772 -72.03796
127.9233 -39.81554 -74.35587
116.4293 -28.95512 -108.0105
115.4847 -29.77652 -92.16862
117.7321 -37.84754 -94.47311
106.9932 -41.27406 -99.45322
89.66648 -53.11227 -121.5519
56.04148 -61.59531 -105.7827
143.8676 -45.74199 -78.55804
137.1472 -41.28688 -91.03648
144.8835 -49.58313 -85.7898
90.88377 34.91916 -22.24162
112.0033 2.839814 -76.41451
16.82603 37.72369 -118.4146
17.50156 35.20295 -113.807
11.58038 21.5564 -113.1396
10.95555 35.65416 -113.7625
9.524205 37.338 -127.7164
90.99049 31.7342 -147.1219
68.9353 13.26464 -99.03745
114.1937 -54.39236 -67.60965
88.36665 -39.0158 -77.48846
108.9498 -31.836 -71.15177
121.7188 -37.75418 -105.5803
111.5166 -8.849795 -113.8523
-562.4916 231.4821 35.26042
-547.8088 230.5072 39.34031
31.73278 54.95017 -136.6384
30.77496 35.34896 -121.8989
34.45072 41.23786 -125.0097
25.21926 51.58769 -99.02294
25.62811 46.061 -98.59827
-99.46551 2.972274 -143.6059
-166.3499 16.26252 -282.5432
-176.0224 17.48634 -296.9817
49.08394 -7.353492 2.230729
64.90466 -48.96996 -29.64959
108.1246 -8.428638 -83.63316
133.7392 12.79909 -86.00295
-145.1114 3.665301 -26.13875
-180.2701 -3.543151 -13.70953
86.17514 0.968062 -57.88176
-146.0391 17.17862 -27.26647
120.431 -49.20956 -104.7093
131.5004 -53.28592 -93.83347
-400.5541 -431.6322 617.3875
-391.6723 -425.069 610.9919
-160.4038 -3.417258 -68.73607
-200.0455 5.39025 -67.31993
132.7621 -13.17002 -110.8679
-97.32622 -254.3436 410.0266
-93.00573 -259.6834 419.227
-115.8716 -253.3523 408.474
-228.8219 -313.9596 520.7469
-214.4478 -306.3777 506.4673
-199.4655 -298.0573 491.1859
34.62547 -112.8296 143.1917
41.17793 -106.0212 136.8397
87.73607 -9.683393 -94.11763
174.7134 49.43389 -128.8373
104.4797 -4.027229 -76.45974
129.6173 9.366833 -43.50387
112.9936 -29.23124 -117.3039
119.926 -18.26442 -9.140595
120.5082 -36.7296 -44.90894
146.1 -42.54197 -14.18396
173.1972 -55.75539 -1.857166
41.91568 -65.90953 -106.5134
20.45421 -61.34938 -82.73304
56.89341 -67.09935 -103.345
53.93423 -64.59172 -110.8088
55.09436 -69.66146 -108.2334
16.34849 63.76886 -89.11922
142.7911 15.52709 -107.4415
126.764 22.96675 -104.9924
181.4046 9.789828 -103.9882
183.1537 -2.598411 -91.8967
161.4375 4.808671 -105.7802
65.55939 -51.18123 -81.44069
96.3254 -58.00766 -77.38082
126.1891 -77.45547 -76.37916
-73.89523 34.37441 -19.23632
-79.85151 59.22645 -21.26246
-594.3969 254.7105 36.85759
33.5646 -84.74354 158.5509
19.82787 -110.1622 163.6221
-179.3025 -4.929116 -52.98703
90.39425 30.19409 -8.156954
41.77265 16.05052 18.63342
-96.64523 68.91696 -34.96542
126.7161 -44.98519 -59.14054
110.9906 -47.62542 -66.31602
-22.0789 -10.34748 34.11344
-159.0403 -88.80767 6.338923
-165.0878 -92.61404 12.62365
131.6175 15.9773 51.63874
136.6467 31.41304 -22.22696
151.28 27.26877 -28.46959
51.00209 129.3471 88.38803
41.04541 113.0999 74.49519
-203.295 20.71673 -8.788209
42.47016 140.8939 82.28162
-51.34493 -95.19606 -105.4212
-47.00896 -89.74007 -110.798
-86.33049 53.71805 -9.808605
-13.03151 52.08565 8.823665
-33.95525 79.55931 -1.480598
37.89356 52.22414 -52.01053
54.64824 71.38899 -54.88111
-193.5697 -15.43926 -59.91797
-204.6428 -16.26786 -68.89315
-206.5098 -12.40786 -63.67945
-31.24521 66.49521 -2.341269
1.817948 19.99625 -26.82912
53.63929 51.19665 45.31323
38.37542 38.00664 37.40402
65.49836 53.63309 -21.93135
21.52211 58.93632 1.497768
55.30662 -14.7448 -9.484769
65.5494 1.09438 -18.71132
81.56647 9.830245 -21.73267
76.27361 -2.926451 -29.18015
164.4308 43.13311 -15.5267
165.659 48.75025 -9.658668
180.4814 51.69951 -4.445225
206.0642 -21.51846 -39.86044
192.6175 -29.93157 -38.51684
169.5785 -15.10421 -49.59543
-20.53541 -231.0051 13.1514
-22.52224 -248.4235 21.58631
-48.96915 -6.656462 17.60345
-31.46967 3.308282 4.512149
-126.7336 -262.5295 423.1346
-123.1717 -252.8728 416.536
-126.6582 -266.2337 418.5777
-124.1912 -256.8985 412.2016
-121.4475 -262.071 425.7298
-126.4361 -264.0014 413.7677
-129.7997 -262.2792 417.9676
-124.6568 -256.7417 426.131
-119.5615 -257.0306 414.825
-124.7755 -259.2562 417.0776
-118.3225 -262.0165 415.5305
-133.2062 -261.735 424.0731
-123.0971 -253.405 422.1856
-127.3829 -253.2572 420.0888
-122.3227 -261.682 412.1857
-128.2964 -257.4131 422.678
-118.8474 -263.6061 420.6583
-123.1095 -267.0495 421.7077
-122.7478 -259.994 421.2293
-128.8347 -259.6254 413.2437
-130.624 -257.3489 418.1111
-121.7949 -265.3941 416.2036
-119.351 -257.1722 423.6766
-119.1933 -254.3242 419.1899
-127.771 -254.5026 415.081
17.47899 42.69488 2.534601
34.23222 37.6072 71.8384
-208.5883 -8.826023 -4.584203
-228.5707 -12.15153 1.375741
146.1044 68.71102 -52.00915
161.7259 87.38435 -55.67571
104.377 130.8769 37.30423
92.07546 112.5705 28.93453
17.56117 116.9635 -85.76025
17.30607 123.4402 -46.09264
12.49368 82.84145 -104.0948
13.62462 59.85886 -89.65701
-15.06034 95.08107 -60.04293
4.193024 122.1588 -72.11732
-11.58666 108.4948 -55.4566
-24.60403 88.06196 -29.72618
6.897595 104.5868 -64.01784
24.47675 88.18477 -56.39872
-162.4292 77.65604 -39.67103
-162.4265 56.80639 -44.69435
-67.02571 31.81836 11.01118
-44.91915 29.82787 10.29458
-140.6177 86.94566 -32.96413
0.998337 45.64715 62.30953
19.07247 1.417214 16.77679
2.793222 -7.141204 12.00421
-1.6445 -7.211878 16.19117
7.055954 -306.5173 12.09137
6.958355 -288.9205 7.04634
3.502901 111.9629 -141.1718
11.48395 111.7823 -142.6184
9.748722 93.30318 -122.7126
236.5328 215.4393 293.7921
251.0245 224.1251 301.8306
244.81 -52.46479 -58.80777
242.1148 -60.18352 -59.07241
159.6487 -46.64471 -99.68156
-89.756 -56.48436 59.24871
-105.8025 -69.2428 71.93088
161.3897 -64.90347 -115.1757
149.14 -50.9733 -103.8263
67.44048 18.71071 24.12817
49.55796 10.443 7.507397
-4.298523 14.87451 28.11586
14.39793 -9.092381 8.801878
53.86668 51.30989 34.78397
41.62051 31.72301 11.69378
41.60064 52.39519 31.99643
122.1854 -30.52518 -95.32112
47.70176 55.06096 47.53687
29.83489 111.2808 -116.3173
28.32702 127.1264 -108.3102
39.7627 106.2019 -130.4319
33.05 105.7195 -132.922
-114.0433 60.00896 26.81487
-125.6075 55.79045 21.19352
-140.9107 60.65764 22.37648
169.8731 53.3971 -23.80676
171.3623 52.45534 -30.02787
-1.020381 -48.98832 -57.00408
-21.68918 -73.25902 -62.80138
80.74595 -6.224998 -89.08679
-570.7587 229.6204 46.98453
24.75621 205.8808 143.0705
21.72591 197.2774 140.472
23.67977 219.537 147.4445
61.84515 44.82239 20.30092
61.54858 38.79228 25.92315
37.61175 23.13114 -27.59011
22.73812 10.40631 -25.34198
218.4243 205.5039 285.0115
196.6938 195.0515 276.483
50.79314 121.1586 -254.444
53.46147 130.5655 -270.8709
12.71122 119.0735 -90.02917
7.661355 135.0531 -90.84567
7.708019 142.5195 -88.28977
7.416776 129.4744 -89.04171
10.06015 135.1119 -80.32798
12.16261 129.0008 -85.93692
6.300474 136.6561 -83.62971
11.60125 140.6706 -83.28436
11.20533 135.2156 -86.51454
16.82858 136.9469 -87.01774
16.77166 131.7544 -83.79347
11.96168 129.4136 -79.4857
14.28308 140.6521 -89.97127
7.035963 130.9021 -83.27103
16.19604 131.7431 -89.11904
13.80218 138.661 -94.65512
4.38476 133.4982 -87.22316
15.15709 135.8324 -81.40173
11.67325 131.4778 -91.72961
-74.26371 79.64251 10.94846
-90.17787 92.32069 15.43035
-5.624429 -60.75549 -76.84841
-4.407665 -53.6917 -88.62196
-442.6309 219.2944 14.97979
-449.3718 220.0927 3.322806
309.957 -133.8918 149.6981
299.3547 -121.2105 145.6935
-111.7482 107.7828 30.32704
-121.9813 123.5274 33.39851
-75.23587 -167.6144 -92.20569
-71.68736 -166.5374 -99.41127
42.99741 -89.56179 -123.9691
50.85954 -88.5818 -122.5823
-18.35968 -85.9529 -15.53953
-16.42197 -57.90834 -37.5187
-24.75645 -83.31731 -14.1944
-116.9926 -259.0574 419.5123
39.27438 143.4553 -40.65331
61.24513 144.8599 -34.06724
-108.8013 112.8202 23.70038
75.38185 -116.7365 107.84
39.59517 -88.56993 101.4763
60.5621 -102.68 107.0076
157.8698 -71.31915 -83.33402
179.8515 -82.65773 -89.48268
161.2894 -66.99504 -85.13984
174.3371 -88.0499 -90.64402
125.4654 -151.6485 112.0301
51.29848 -36.28335 -97.14392
53.46559 -23.99344 -83.66824
58.64515 -17.4264 -88.71858
54.18539 -41.35471 -99.89747
31.83762 -47.92233 -103.669
37.85073 25.71853 74.88427
59.89615 16.64534 73.44341
62.86094 11.39481 51.10728
19.01693 -53.4745 -88.98308
-574.2009 223.5627 33.44939
-579.4673 227.5879 26.75786
-532.1586 231.1314 36.75787
14.7395 -42.99916 -77.7569
-11.2646 -33.6999 -68.85531
-6.593997 -65.15441 -63.87915
-95.65276 -65.89679 38.12233
-78.39753 -52.03019 26.6167
53.71077 -17.02511 -83.59969
38.47301 -13.00752 -80.81446
3.904619 -10.28164 17.80874
1.936441 4.260616 20.97304
38.29384 -102.1073 91.80075
4.599441 65.41074 -83.249
30.78134 4.123659 37.48398
16.19604 0.881445 24.10893
125.6319 -73.5629 -67.24643
146.0449 -10.29663 -134.2629
31.34776 -98.22517 149.9615
-17.85622 8.833937 -37.96852
-26.35596 47.08623 -31.02402
-92.07121 64.60081 102.1604
-78.4877 52.18619 81.68515
140.6259 -22.51993 -104.2291
42.00355 27.43874 -53.62522
17.72224 68.94431 -0.909055
-61.55548 60.25125 22.17981
36.41113 49.283 3.899029
7.002537 59.64606 33.01445
-70.00098 73.20604 0.12875
-95.24554 124.0062 0.561723
-100.5849 119.3923 -11.96544
-91.81743 -23.41947 52.12117
141.0278 -2.597189 -54.81979
154.5847 -23.75686 -57.78813
-173.3423 16.37198 -27.16981
176.2649 -34.549 -165.3827
185.0467 -41.63543 -171.8814
150.1056 -52.85784 -66.59981
127.1566 -53.29919 -65.27379
254.9956 120.4122 -65.79556
242.1332 110.6038 -72.46545
152.8842 -52.74083 -172.6886
154.0536 -60.5853 -170.0861
148.0228 -48.75515 -148.0847
-77.30195 33.60762 133.2869
-66.17245 35.92313 111.3444
-132.5938 -12.90572 -25.85625
-185.2177 9.652867 -37.35513
-582.6845 257.9137 43.68624
-197.2539 8.01101 -41.58965
-166.9919 1.594615 -47.71138
18.22003 162.8808 117.8404
18.01479 208.5173 151.004
26.41944 206.1254 153.3692
24.1956 215.6199 153.6042
-219.7708 11.10757 -38.94688
-176.0414 27.90185 -22.05443
107.6274 -58.93725 -77.08912
37.4934 -40.12887 -63.1979
116.9533 -65.59298 -77.52985
94.15346 -63.85284 -146.6848
100.7605 -66.64668 -142.9086
-180.631 -2.721634 -67.47705
-55.92108 107.3647 17.93842
-61.4871 107.9519 11.64869
-49.05665 83.19444 7.260602
94.10451 54.91325 -110.1561
133.5484 46.55154 -111.7434
43.81295 151.274 -40.10872
-79.86578 -2.449884 -183.9782
54.59177 117.8527 -85.51633
81.00338 94.22591 -106.3938
-31.75319 100.3519 19.38315
-11.12234 89.13654 17.16676
-27.37634 96.53423 10.60914
-79.56342 103.1611 4.592912
-102.9221 92.41432 -13.85232
197.2357 -5.459029 -97.27748
197.7689 -9.567073 -89.48721
-133.6255 39.07976 50.47398
-21.98886 81.74268 -1.236855
213.9454 28.33035 -146.1941
206.4609 29.8723 -140.8096
190.7445 20.88976 -125.2764
69.03904 -20.48501 44.19561
68.81136 -13.24113 46.48927
21.04051 -104.4089 156.1909
27.02338 49.32028 -26.82698
44.69129 61.73806 -30.19499
44.53514 63.18939 -21.31899
46.29491 69.49043 -25.90182
-35.5167 -28.04667 -91.71612
-26.18192 -41.3364 -87.47769
-19.2957 49.61213 12.30358
-51.64714 70.02036 -0.723216
-50.85929 -49.60438 -94.74826
25.61174 61.26262 -86.44212
175.3035 -48.82354 -158.4169
189.5607 -38.63239 -154.4146
172.9452 -44.27683 -163.6134
19.00012 26.65751 -144.5939
9.607697 30.83783 -134.3255
17.8731 15.66165 -122.9016
25.75465 35.23701 -129.9118
170.6289 -111.0095 87.64535
137.3784 -83.26743 65.81327
14.01319 -9.774187 -87.49712
41.64091 -17.97536 -91.53961
33.3104 -16.92685 -66.15038
128.1791 2.758053 -61.78708
140.8263 -2.902277 -64.03284
45.80626 -19.55266 -66.99963
48.00485 -8.077536 -61.529
-185.1483 -290.4292 477.1348
-169.2191 -281.3354 460.2471
48.50809 -3.448013 -92.92363
54.84522 15.5314 -96.42294
-3.860993 49.11642 32.21683
-7.044165 53.05705 54.85056
-127.7708 -282.6375 423.2658
-121.7757 -286.0209 429.947
141.4325 -62.19598 -80.12168
122.3254 12.13787 -53.47065
-36.11641 64.95422 -154.1414
-47.29822 50.92584 -160.692
-32.7065 60.29195 -158.0417
-24.15493 56.36975 -142.5585
-1.040244 166.1383 -94.79294
-29.21405 76.61927 -72.32891
-17.81591 82.46746 -86.86527
25.85292 224.8004 154.2265
26.56103 234.7883 160.2207
145.8061 3.638221 -90.98646
117.345 -27.66049 -99.14137
128.102 -36.34075 -86.12088
111.3887 62.03056 -112.3446
109.0219 60.76883 -117.1375
171.5136 -79.57198 -38.55525
145.911 -58.44589 -45.83419
-94.01919 13.94819 -228.6775
-110.3802 12.94143 -227.7422
-27.29751 -161.9778 252.4995
2.373604 -133.3673 202.2112
118.2378 -17.8105 -55.42979
94.45748 0.196567 -91.83577
-197.0121 36.37843 -19.50957
166.0716 38.57413 -122.9644
146.728 -55.6989 -114.0023
-37.19835 -68.77274 -75.45882
-53.30804 -84.24893 -95.9334
43.74771 -4.857242 -82.90968
60.29741 -24.69414 -84.98859
44.0057 -13.93478 -100.0131
52.81446 -46.46451 19.88211
57.28106 -29.1261 8.335148
53.00612 -41.18096 25.03513
34.57051 -31.33814 -96.96903
30.12107 -45.32815 -117.5842
56.78546 -12.28771 -145.5974
54.99845 0.426942 -129.1398
50.40299 -13.39298 -123.4628
212.0298 55.68969 -108.599
172.2619 36.21723 -98.85944
126.8326 16.64957 -111.8092
37.83241 -56.2289 -66.16509
39.43968 -52.66774 -68.77393
141.1089 22.66701 -102.6127
-68.77192 115.7621 287.4675
-56.4572 113.6765 274.025
16.42849 131.3676 300.72
10.67905 127.0673 285.1024
11.88819 110.1844 -56.79013
29.82971 261.1023 172.6277
-38.40472 -73.64066 -86.64907
-36.2866 -48.82307 -60.91635
274.0637 71.62045 -141.1852
259.244 72.98257 -132.9879
264.4334 67.1162 -130.1584
264.2793 71.64989 -138.361
247.649 72.47598 -115.9387
-22.68292 -63.70729 -28.94754
-19.00427 -61.16732 -56.43454
-34.11882 -48.12053 -47.85456
-70.37377 -57.45798 -57.20609
-71.56719 -62.49365 -45.09998
8.295148 87.60814 48.17186
15.42349 110.3119 58.49562
173.2515 95.5421 95.81145
165.1507 60.47271 31.34621
166.1733 10.79602 -98.31204
-47.07062 -51.30936 -38.43991
-26.18263 -39.24302 -39.01739
-23.84398 -50.36741 -47.23935
1.187051 -39.5704 -15.64698
-8.087033 -45.56298 -46.90615
-39.10557 122.9578 270.5227
-36.99701 129.0695 288.9123
-48.14039 -57.60046 -72.85909
-39.2782 -61.8526 -74.30962
-31.18134 -53.21886 -68.81996
-26.62098 -69.71889 -37.56646
-25.18616 -80.1554 -50.2697
-21.32742 -81.22305 -64.96147
189.5436 -105.8942 -96.62228
33.16217 -101.0045 69.11741
33.91691 -86.97115 63.11473
28.22005 -85.55578 69.2382
38.74677 -97.65575 82.83221
-5.14555 30.43958 -23.27217
9.086263 56.69741 -28.18641
-27.1826 69.99536 5.042382
7.683261 44.40481 -15.26048
38.82788 51.23435 -73.33115
106.6481 14.15448 -59.37656
72.36849 19.49432 -67.68503
-23.46396 76.54383 37.29235
24.25552 -89.64677 76.64816
62.92747 -121.4922 116.224
73.34707 -141.9333 120.4931
-18.86765 -207.2852 1.153578
-42.81586 -36.25925 -74.88674
109.7637 -5.208292 -104.2575
1.16757 -53.1017 -84.86656
7.039347 -0.442933 -63.89056
-56.41678 80.06667 9.376349
112.275 8.523268 -85.07338
53.53819 98.23697 -48.12106
37.81079 76.28703 -46.04296
126.0844 -20.09854 -97.83506
136.1047 -48.66003 -97.14017
-46.13261 81.58282 -17.99132
-47.8944 61.7974 -2.436346
-68.7291 -66.85764 -110.9991
-85.93844 -79.2643 -130.8096
-128.3876 -47.89215 -97.21092
-108.4578 -57.82886 -96.07858
-125.7327 -17.94074 -73.95835
-84.2822 8.564743 -94.74883
-116.7621 9.369026 -89.05991
-85.07945 -74.33418 -141.0075
-125.9436 -74.13244 -146.4487
24.46583 -169.0899 177.7019
29.74972 -183.9948 192.7086
60.04452 -23.18099 -46.71781
55.09946 -29.06236 -25.89076
139.6783 -18.84801 -63.69262
127.8932 26.1147 -89.12135
-49.57775 -15.99195 -134.3976
-102.1324 -6.576575 -237.0999
-112.394 1.637116 -240.3329
17.45518 46.3227 -41.71844
153.8313 -35.98523 -87.24219
73.89709 -20.26611 -110.957
-130.4993 -61.49375 -106.7817
-133.8672 -72.52957 -119.4217
152.834 57.88141 -30.93748
172.9857 71.19572 -37.01907
86.88647 -15.09885 -65.50243
91.44323 -27.07493 -89.56761
0.42328 -231.6648 -29.21215
-5.659008 -214.3759 -24.78984
-102.2945 -9.078226 -213.4975
-121.1438 13.60047 -237.6738
-121.0979 16.22285 -227.8186
-10.97975 -231.899 -29.88091
35.40481 -131.6495 103.9664
44.16188 -119.6717 104.0844
191.4561 211.0873 302.3513
205.1827 219.2069 300.5801
-63.40141 -74.44128 -28.74302
-50.76451 -86.98647 -32.81215
-34.03176 -82.75748 -51.16913
-61.01781 -86.79743 -23.53826
-3.600666 139.1517 290.0159
26.77159 143.462 283.2703
172.8682 75.85831 -27.81806
174.4543 69.31943 -23.64779
-24.11431 -44.09211 -65.8047
-5.662509 -45.52678 -76.99475
184.9913 27.96992 -77.31808
194.2287 -10.36499 -116.0851
191.8336 -7.441298 -119.1353
-65.18947 -7.627826 39.1122
-86.45943 -21.79098 49.75516
-83.56506 -32.61711 43.06374
122.2123 43.11968 -30.52929
117.8352 31.72769 -1.42703
175.8995 56.2444 -125.9999
135.5399 -57.369 -118.6392
11.16144 -159.5821 148.6275
38.88444 68.37481 -32.57056
-24.89025 -58.37017 -92.18632
-10.18453 -72.72326 -82.08849
-20.82674 -53.84611 -61.86451
30.44784 71.5117 22.16403
14.18317 -140.0657 130.3121
23.22187 -135.3505 122.7247
-2.949537 -59.30836 -58.52528
-17.38315 -65.61838 -74.70522
-22.37468 -77.76907 -104.4629
75.23068 53.84506 -124.1421
140.5008 -40.18586 -123.9513
171.6317 -7.217313 -90.94027
179.6662 -34.67824 -92.0062
-1.434667 -78.31866 -83.79712
-39.26956 -73.21655 -66.73094
21.55105 64.63151 -86.68929
35.71064 97.69018 -89.96497
23.78496 91.83866 -89.44093
25.67717 67.4635 -89.18255
53.06601 92.93084 -23.28937
105.447 -32.5579 -100.3278
4.112468 65.21716 -12.62021
26.3935 66.34833 -21.63456
138.9293 -45.53929 -84.3922
-57.55555 124.5649 -1.598855
-50.16381 126.1177 -4.509238
-45.39858 99.82806 2.087456
-64.75432 -145.7562 -88.33121
126.159 17.30036 -15.17939
104.0066 8.987814 2.252965
121.1761 7.324039 -12.67465
112.8447 4.581671 -36.51041
200.3858 28.14147 -30.78096
158.8854 20.69469 -40.59597
164.4419 86.95837 -5.558962
166.85 75.43262 -14.53762
93.40966 54.72519 13.27602
128.793 50.13422 -17.22325
90.37066 -39.65022 -92.82726
-5.996268 85.01519 -65.23785
115.4765 -16.90619 -100.3819
57.09391 4.077744 15.93904
85.57821 48.32859 19.59841
128.1029 66.43284 -46.44032
144.491 71.47033 -66.34663
187.3868 60.04958 -23.14318
33.06327 -25.16756 -18.228
59.90323 -2.831431 -81.28445
69.43216 -130.1919 133.2374
77.16885 -131.187 135.8902
68.76629 -119.8245 126.8971
-152.0226 -77.59742 -152.9353
-171.8454 -84.79758 -161.7058
235.1102 34.08376 -22.74366
255.9484 33.80446 -19.95757
253.8583 40.95971 -16.39773
-83.89105 -89.78849 -138.2906
-66.52334 -87.57503 -121.1904
229.9677 32.58805 -160.4717
-79.51057 -38.92466 -138.3769
-69.99999 -19.43356 -102.6967
-96.2254 16.2679 -81.0497
-88.30718 -23.69101 -126.9359
-127.5175 -41.97618 -146.2517
-76.70746 -108.9567 -134.0003
127.8301 -25.82829 -132.8619
-36.56937 135.498 284.566
-27.92256 130.5408 290.1593
-134.6815 -79.20351 -125.6863
-108.9782 -62.95777 -114.0964
73.52702 -96.86935 -180.1646
79.59698 -114.6405 -193.7105
16.48303 -109.2443 178.0566
-136.025 -5.306325 -79.85359
-114.9799 2.304023 -92.14944
-4.273204 -72.64204 -100.3829
24.90431 109.0525 -53.68025
203.4883 17.5409 -129.3577
212.0139 19.85994 -129.048
2.77096 88.63134 -48.48685
71.08521 -32.53266 -98.75502
76.92944 -33.08403 -109.493
-50.3499 78.68012 196.1077
-99.61938 13.56555 -5.683139
-77.01432 30.10826 6.316891
88.00615 -72.53252 -78.01791
78.89303 -68.97813 -71.78557
93.54605 -86.47969 -72.42317
89.70464 -88.08419 -78.69987
132.9813 -52.98648 38.59166
137.1629 -54.06016 36.26718
125.377 -1.507973 2.508268
-24.66999 -118.5213 -77.25288
-23.16683 -106.9805 -74.27702
-444.1267 231.1385 11.05299
120.4999 15.90473 -19.45268
98.91067 14.34809 15.75816
170.5883 5.934868 -50.39194
196.244 7.393086 -48.25668
3.263407 -80.54662 -65.57475
142.6865 37.32014 -24.1853
152.1479 13.90412 -51.14785
29.37957 75.76926 54.16452
-90.90313 191.0439 51.144
-98.08492 189.0844 47.54979
-44.85332 67.02377 3.707881
5.068815 -25.18416 -99.57934
-6.83858 9.082649 -112.9877
-31.42123 -229.244 8.859792
-36.40094 124.1736 118.9277
-38.26849 124.9001 127.1557
-60.86545 39.04145 3.09525
5.48108 -58.71526 -100.1927
43.3466 -45.35427 -131.3914
37.36458 -42.6158 -132.1554
-11.22492 -15.99868 -70.26987
12.74269 105.2358 137.1851
18.31698 118.3592 153.1283
18.46699 121.5181 161.5173
-29.87714 39.43756 9.262891
-12.31334 51.75227 -17.88074
60.91167 -13.55644 -73.32925
-104.2835 30.98409 13.23147
201.4098 -16.38229 71.38587
216.9169 -17.91948 81.03225
-116.0978 -112.9555 -189.9477
-102.7794 -95.97118 -168.9854
-30.35876 53.03361 69.52878
-43.42789 63.7509 48.13496
76.9818 -23.33908 -80.07095
-38.33436 68.33385 50.24264
107.533 191.1449 -151.2513
114.0125 205.3615 -162.9331
71.89993 4.129296 -80.23894
247.9939 105.5997 -81.80093
-309.9035 -307.8757 593.1843
-296.3685 -311.2331 582.1647
51.04851 -31.87903 -127.3342
280.4574 130.7389 -78.28181
-24.86707 62.14812 -6.72204
98.90199 -41.02838 -75.7665
80.23044 -19.86406 -93.88428
61.69916 -7.803313 -91.6786
123.8105 -7.592652 -119.4046
-45.31483 66.55056 36.01549
37.47635 -16.73089 1.807991
70.66617 -45.40904 -2.819412
-260.5517 -341.698 549.0309
-262.3238 -334.9682 567.8655
-251.4654 -319.9912 550.8085
-245.8824 -327.901 561.7627
-0.912463 -65.18517 -127.0358
11.66979 -53.65168 -117.8221
-15.92695 -57.3156 -100.8421
16.83979 -64.84929 -133.7754
-83.4976 32.42654 39.67368
-57.05557 26.37034 17.05482
-90.171 37.75552 57.41084
11.26664 -289.4194 -1.055022
14.74025 -307.379 -2.40483
-107.8796 20.2262 -2.022102
84.18034 192.2511 -42.24639
75.11237 172.3975 -38.33412
-95.94157 30.46477 19.8653
-28.3675 40.35714 2.301885
-68.96585 -84.53583 -11.21536
-71.43668 -111.4487 -25.02643
-62.89248 61.28027 1.256452
-44.45531 -277.6463 -5.43859
-37.21989 -268.2061 -11.60053
-37.89575 -281.0192 -8.339318
-48.36549 -278.7889 -11.63799
-42.7163 -283.2075 -13.93699
-45.0383 -55.94875 -67.98779
-48.99305 -43.68276 -79.05515
-35.41866 -53.69731 -54.91963
-12.1207 -74.41193 -54.07744
-14.67078 -56.57296 -55.29809
1.002192 -36.71888 -31.89126
15.27092 -148.1662 126.9222
0.388997 -149.936 150.6614
-78.22425 28.21129 0.539548
91.90945 -117.1665 -11.9
80.23126 -86.82162 -19.36981
-187.0123 -6.731445 -41.49907
-38.32748 103.0526 271.1336
-33.09298 104.0663 261.5424
6.138453 -157.1572 131.6974
20.21312 -81.17915 -94.32294
12.00317 -53.71865 -84.18642
15.87286 -82.68641 -79.8741
122.6808 230.9756 -9.369835
110.3167 215.6657 -8.477314
90.04042 218.5514 -30.04322
96.25143 208.4064 -19.92083
94.6838 186.246 -13.61356
132.1815 -14.42645 -73.60406
103.6377 262.3073 -32.32303
98.04698 244.4047 -31.41985
76.61828 184.6049 -31.50848
62.05812 -111.9651 103.3159
90.72322 -1.973149 -112.1409
92.76368 -1.689848 -121.9057
79.00892 -10.96027 -112.153
20.09603 56.24599 -84.88912
13.4963 72.80611 -76.97167
85.5105 -1.598752 -84.33096
64.12022 -16.66025 -98.57483
6.634557 80.8401 -131.7238
4.284185 96.58913 -153.5598
-26.58984 80.16536 11.07791
-29.6629 84.4821 6.601563
53.27893 -155.0966 96.87389
-39.06315 -87.49831 -51.39434
154.1143 46.84537 -56.30261
78.15105 52.26564 -58.4157
137.86 61.16782 -23.75491
66.88654 -21.08035 -97.67259
35.37682 -21.4842 -94.7103
108.5441 32.29375 -56.48637
180.7662 19.81266 -27.00691
27.59524 -131.078 152.32
27.43541 -152.2676 126.1414
101.5677 43.47422 -165.9222
99.33241 36.11958 -169.6471
104.6019 42.73037 -178.0426
-17.95671 109.1482 -26.12967
-1.44688 123.3793 -33.7176
169.1039 27.06851 -28.2648
-0.169199 78.73898 -88.34598
-3.842263 87.99725 -81.38983
-103.2223 3.876187 -185.3284
143.7386 6.243241 -63.01906
183.454 17.57046 -37.77822
-0.988504 115.5692 -36.12624
-55.34667 41.87494 20.08302
-42.35172 12.13009 -8.526505
4.345372 144.6582 -120.2179
176.697 38.92804 -20.01506
152.8527 33.4606 -29.35112
95.46378 71.17948 -70.18649
109.1967 92.31353 -71.21989
270.4403 144.9227 -67.24884
258.4919 131.1657 -69.65803
134.4471 46.858 -71.43868
71.28548 16.37996 -5.715281
54.33729 -0.793935 6.249316
75.12755 141.9643 -17.62509
42.13662 -127.2018 174.5193
314.2231 71.72022 -170.1906
298.0717 73.39554 -160.8332
310.1968 77.91734 -174.4529
17.74717 0.905051 -119.5616
15.71014 6.841628 -104.634
29.01048 -3.600089 -104.8019
17.34861 27.80914 -98.00388
27.52976 -3.905905 -81.68071
40.48101 -7.904872 -102.3882
25.16698 -5.360754 -110.0361
37.52221 219.7702 147.6404
-202.4035 -4.514561 -86.11784
60.12035 -51.52198 -103.3916
158.5874 -90.53218 -207.0259
167.6344 -99.97237 -223.2043
35.10491 -3.950755 -98.32376
44.13897 13.56341 -107.5137
39.93824 7.411795 -95.78347
-73.97518 -52.22327 -105.8259
-33.58449 58.07599 5.908834
-55.43648 21.77705 23.61741
-172.1759 67.64959 135.7965
-167.7606 64.19048 141.688
-172.9828 59.67658 137.3652
-180.6006 66.5946 146.9745
-278.2292 -364.3936 614.2151
-273.4509 -358.2892 602.847
60.0874 -73.50864 -82.07703
57.10608 -63.51738 -71.38641
53.43712 -54.26513 -55.17924
-151.3334 -53.92462 -102.5801
48.1124 -51.98957 -69.07308
73.26287 -47.82904 -72.61859
151.4078 -24.64137 51.03212
157.6564 -27.09409 57.10585
176.3817 -14.53346 60.09975
178.5042 -18.69373 56.28173
51.12817 -47.10839 -61.73038
64.50391 -72.33797 -56.98259
33.98346 -3.680052 -73.79427
15.50044 -9.886908 -64.17568
96.19743 -91.08488 -89.86929
54.76284 -43.48162 -82.93992
45.49218 -43.70831 -48.35309
48.31497 -36.15266 -76.19463
59.21497 -49.00829 -67.01453
43.84778 -47.36499 -121.2931
43.76252 -29.04812 -105.21
-4.638047 28.8095 -109.7383
-1.573601 38.11129 -105.5306
163.5072 80.44794 -18.99664
145.3132 18.89158 -7.631561
164.4061 23.94509 7.45967
167.2552 17.19315 4.108542
9.214828 27.0456 15.63321
42.69552 -20.98814 -111.3837
37.96247 -27.82313 -112.575
20.26421 66.23773 81.73925
4.508179 62.33187 55.24257
6.761434 -57.88229 -76.21205
70.95834 -103.7274 121.1476
-27.06776 148.8596 166.0907
-29.66604 161.6733 181.0555
-172.6071 -19.06513 -51.94017
-153.1425 -6.395527 -51.99971
-40.27725 -172.8791 280.3015
123.79 54.25173 -41.09971
106.3355 65.20204 -36.17534
9.933642 42.42347 79.83366
19.78231 49.92255 96.68768
-45.03158 -175.0931 276.2947
-36.79389 -178.3701 279.1581
-41.51688 -180.5524 275.1001
-53.99283 -189.5994 299.733
-55.04449 -52.74824 -72.03456
-32.31261 -51.68913 -16.44411
-17.42925 -41.14325 -34.67823
22.36335 132.6903 178.042
-80.1927 58.68808 8.953607
-2.91742 37.86524 66.25009
1.042534 32.76268 79.17244
9.842055 36.42854 73.71832
5.490697 33.29818 58.38334
17.26594 47.12114 72.07514
78.7071 70.98851 -32.28345
163.7764 45.00491 3.87276
-249.5906 -26.12019 -61.33165
-236.5186 -23.5241 -62.18248
-224.2068 -21.04431 -63.95018
-247.9646 -28.27085 -69.37379
-90.06738 39.88463 14.49909
144.6835 -76.36422 -182.6127
-97.43449 44.05342 5.391904
-95.54978 28.74642 -13.23058
-72.94881 11.95855 -19.19485
7.638496 -46.22248 -93.60548
15.56828 -37.45473 -111.9684
13.35168 -48.16861 -140.9262
-40.14033 52.47478 -18.45326
-52.42685 54.27524 3.483617
-14.3426 -69.90839 -66.77491
-58.16301 -57.04349 -78.60111
-26.29597 -57.3517 -57.40928
-49.70659 -76.61755 -81.43903
-43.10162 -79.41843 -74.5842
6.821032 -5.36521 -39.27333
3.549106 2.392315 -46.25165
-3.321634 77.5969 15.19016
71.33902 -13.62731 -104.7843
35.99243 1.07667 -110.8742
40.12636 12.36636 -115.1263
24.86145 -102.1254 148.4573
-3.569685 -131.7556 201.8029
-154.2013 -11.021 -66.53001
166.4684 -51.38957 -167.8787
166.3979 -43.43002 -167.5785
100.251 -102.6052 87.54764
47.36826 -121.6598 113.8035
54.58741 -152.1779 113.8307
194.9739 -35.28992 -145.168
219.6165 -44.28828 -155.1488
-213.1052 -16.09309 -57.53248
-129.4166 40.88614 -84.90992
-122.1259 36.91713 -80.75964
-111.2505 65.64331 -56.06143
17.49591 68.41376 30.05193
51.09781 65.55362 28.68912
-6.079391 -3.680952 -17.98938
-23.45193 14.18305 -9.606727
-35.31245 34.33243 -1.108554
89.48969 -15.1077 -121.4072
208.0469 -38.89894 -153.1598
210.5569 -31.25206 -151.3414
206.9092 -32.64893 -158.0537
202.2797 -35.69286 -154.5262
204.0874 -28.4663 -153.4048
199.6362 -25.87781 -140.3526
206.6226 -36.02984 -147.5019
-75.02327 82.07112 80.34984
-81.58802 83.31131 78.69514
-70.56833 74.22622 62.09689
-77.48257 86.036 73.86509
31.85665 -22.99415 -3.04229
28.26944 -19.70309 5.983858
41.54564 -27.61059 7.732668
33.90757 -19.92017 18.65384
49.94252 61.86573 -5.07722
-7.718649 -24.47072 -124.9816
-15.70677 4.392803 58.80499
-13.89004 28.2147 83.47855
-10.45461 30.73717 90.89914
6.226861 -28.93355 -66.06171
-39.64537 0.728362 -43.58457
75.96262 -8.718242 8.154179
81.23944 -15.44118 42.53099
-47.36019 -37.83538 -47.32561
-17.86083 14.75624 90.66866
25.84344 -27.16577 -102.3142
11.62394 44.16045 -118.0279
-21.43121 -31.25025 -100.3308
-54.76773 16.42426 66.9558
-45.15398 138.1064 112.5005
-56.10667 161.7946 126.5713
-53.28597 -12.71048 83.97597
-23.39041 129.8538 143.6094
30.62196 30.92878 54.53964
49.33656 34.53764 70.0006
301.4396 107.7349 -154.5727
290.5547 101.0075 -139.6837
18.7247 48.13465 -125.7909
-13.40994 -67.60379 -30.38853
-6.310318 -29.73269 3.769671
-28.8503 133.6336 -31.63705
-0.871541 -31.14108 -102.345
40.76957 -44.17192 -106.8633
-44.35865 -11.85557 -143.9609
-71.55122 -78.99772 -92.84814
-70.78464 -59.19669 -92.17282
-110.9061 101.4891 24.05234
23.10754 13.64899 31.7823
26.40974 7.639061 23.52823
6.242725 -28.89752 -8.733266
13.94762 -28.5034 3.861071
14.62638 -39.70998 -17.54465
-0.092303 -18.05886 -7.337814
3.245474 -18.87416 -3.275076
2.927744 -36.17069 -1.597593
119.375 99.47757 34.46619
146.8036 100.3673 19.91042
140.0409 108.8034 33.70371
-53.2816 -56.60297 -111.5102
-8.828794 -54.7945 -110.8682
115.3103 233.6214 -2.110684
44.90934 65.84171 39.85645
184.3045 -46.75106 -164.4491
127.8395 -53.68542 -166.6524
123.2526 -45.65581 -141.9126
132.1144 -46.90547 -166.2101
-94.20291 -67.82996 -117.7971
54.39207 -123.9733 134.129
56.80122 -89.65142 105.394
7.474448 -93.77423 138.1347
21.45175 -92.10059 122.9763
-18.77576 -10.82481 -5.761668
-39.15063 24.85393 -18.1183
-91.5098 -104.645 -156.4935
-96.01352 -109.5317 -151.0901
26.81814 56.18422 36.87484
15.69749 60.79603 17.89635
-48.65467 136.0187 143.9942
-76.5037 7.076775 0.385415
-102.0774 -51.049 -8.214393
10.26593 105.2839 82.12698
150.5656 21.14193 67.11138
185.1456 -54.11996 -158.3197
181.2942 -54.41119 -162.7556
181.5426 -57.31322 -158.2874
-21.90207 -64.65694 -63.6959
-28.63819 -63.88773 -72.17051
106.5739 11.70692 30.40825
-91.3154 -226.8027 363.3844
-357.8869 -405.2853 579.6827
-349.2386 -400.2237 584.579
98.08987 -72.78785 13.87305
-23.4278 -90.83156 -33.59692
-16.91332 -79.97429 -39.60633
-16.92864 -90.20393 -43.75595
-24.06313 -89.87303 -43.79348
74.03954 -11.73432 -16.53921
85.44384 10.80976 3.845635
66.69896 2.351211 -11.22896
-11.60385 128.6496 -7.922303
-0.714152 133.4869 2.067453
-280.4409 -332.9138 576.7477
-8.079014 -82.83672 -70.31367
1.935299 42.37949 71.71761
-3.918636 24.73514 77.58676
-77.73201 -78.2884 -54.11036
66.46463 -44.58502 19.09011
-132.9411 91.01907 30.96933
-113.6686 76.57411 21.39983
-12.16144 56.85886 -75.03531
-80.84871 23.41908 -182.391
-85.09141 27.78287 -187.1861
-88.3278 18.16241 -170.0206
58.78704 86.10772 50.71826
60.60794 80.61826 56.40348
-33.09162 -280.5192 -19.53242
-40.10895 -267.7148 -16.85637
330.6678 174.9035 -77.11245
-146.8604 53.68944 -96.95982
-151.4964 50.22369 -90.47412
-149.8985 45.77473 -97.41348
79.99913 -58.67296 34.4396
13.87832 -156.8569 96.65792
13.15023 -158.3507 109.389
35.36506 -111.341 121.8173
30.72421 -83.11274 180.807
34.23579 -122.7571 91.54282
121.4873 85.35089 39.81699
104.7599 73.6824 26.93389
-29.44741 -95.55796 -57.93425
-24.6464 -71.8897 -50.69351
-15.06734 -56.71367 -80.57724
11.11127 -166.718 135.2373
-95.84585 103.5119 17.28958
75.57697 5.429657 35.48617
-27.4595 -75.97886 -69.60724
-23.04463 -71.77518 -73.79447
-33.25711 -89.87267 -30.61192
187.7156 232.73 323.2214
188.3409 233.5748 314.4549
-48.99704 -106.6261 -74.66522
-49.0848 -71.82076 -48.34035
-57.36219 -79.12457 -48.6582
-67.30674 -87.80447 -46.67719
-76.12804 -88.88146 -48.85718
-68.21778 -80.96406 -46.11237
-59.65323 -74.52553 -59.73108
92.5123 -73.47217 -140.4484
-61.57218 -81.77499 -63.00909
-27.54501 100.6518 236.8682
-46.20965 138.9307 294.3859
19.76945 95.3046 -39.09295
27.24408 76.28089 -32.37033
31.1783 22.84633 -3.322814
114.4926 -85.19912 26.66929
-54.98167 141.5785 304.1518
166.2088 -8.211844 -79.34753
-58.38405 25.92815 -124.7635
77.99151 0.326337 10.50583
-197.8155 -7.325108 -92.2536
167.0761 -14.08466 -65.63604
165.5748 -3.510281 -62.62926
-37.97464 -87.61984 -69.62089
72.20326 6.791447 22.00739
196.3246 -62.58093 -163.6611
197.2566 -1.068097 -90.08128
28.64631 -30.2359 -50.02685
-12.38414 -89.44189 -84.25569
-15.69912 -81.6395 -83.94652
-12.52692 -81.18695 -78.19112
-170.1459 15.72267 -56.26252
-160.068 -5.002141 -37.18758
-63.54965 92.62613 -9.99677
71.00539 -13.82929 -8.291747
48.56827 -24.29672 -98.19189
-70.63679 -77.26158 -75.99377
-55.1657 -61.63485 -87.87103
21.89738 11.23227 -3.720643
42.88348 8.031275 -133.5665
97.44843 -81.75071 -37.55548
86.47676 -58.21309 -40.08574
-6.846079 -196.9981 -18.70616
-8.830587 -189.4016 -7.619545
-14.42412 -148.9334 -29.21278
63.41828 -66.6957 -76.40244
-170.7825 69.51611 32.29165
-192.588 73.05984 39.11534
-158.1707 -279.7462 457.8168
23.94219 -7.74663 -90.41696
-28.91516 122.2741 275.8513
-43.06299 120.1241 278.6182
63.89527 -34.14106 -55.68611
63.80071 -45.03214 -47.96206
52.25714 -31.90984 -56.0204
-39.59367 38.70695 -38.35924
-22.80985 29.15129 -27.57855
25.15682 48.41394 -73.16951
25.4689 29.14116 -33.13856
20.71729 11.65675 13.39273
50.84163 53.1918 -101.5718
19.80268 44.72164 -86.44285
42.48065 -46.98907 -83.57034
-70.98251 30.7969 -150.6018
179.36 229.7493 318.5948
184.3486 216.2622 314.6716
151.7678 198.5752 313.4375
129.3816 181.8315 292.7924
169.702 232.1428 321.3909
173.8667 219.9865 319.6974
172.9428 221.3371 313.1919
-92.30858 18.77331 -185.9671
-88.3229 8.80493 -177.7298
-96.48328 11.3904 -197.0166
-102.6255 16.13833 -195.2885
-45.41221 106.0018 253.2609
-98.67988 -74.08147 -180.255
-88.89294 -64.01031 -159.3817
53.64978 14.07544 -74.76279
-16.32908 -35.04525 -48.17264
-8.009807 -48.43959 -66.71429
66.42515 -14.68204 20.51623
191.6889 208.7127 314.747
57.46213 -175.6575 99.29236
59.70837 -183.5039 103.7882
-20.0888 -78.58573 -73.70137
-83.27715 -231.6124 369.3401
64.22115 -203.0284 109.5258
-0.720151 26.97669 -124.3088
-7.431545 22.58507 -116.1387
-4.748882 55.86116 -103.6781
-4.547391 45.15446 -122.3877
-95.70622 -77.78623 -103.3033
-83.52693 -80.83172 -90.35846
-50.80145 145.5595 311.8913
-50.2488 132.4987 292.3904
-65.99413 -41.6503 -147.5183
-46.23912 -1.538984 -117.1397
-106.4289 25.0988 -177.2875
-126.1251 33.39649 -190.9087
130.2755 -85.82167 -85.20985
-54.05797 0.008807 -110.8231
-72.93864 -68.75158 -147.0228
35.39969 82.229 -213.3282
35.79913 92.08344 -241.7954
48.13845 -22.49811 9.918877
-51.31853 117.2918 266.555
-49.21734 110.254 270.2199
-69.81036 31.22431 -163.9285
10.8512 57.8939 -101.1325
-22.11033 61.38809 -138.8626
-83.57633 37.07915 -159.6726
-72.30299 38.30281 -155.9671
-11.47015 -116.4833 -100.5742
23.2501 3.140131 39.88985
77.73851 -41.97794 -106.8284
38.97454 107.2852 -113.5363
34.12557 82.10696 -121.1212
37.97765 19.37979 -61.87335
53.28266 -20.79418 -131.9824
54.74622 -20.58991 -115.4387
-41.29498 -57.12967 11.56291
-29.71671 -39.51359 2.027715
-41.52349 61.35118 91.93559
-103.2685 88.98938 33.10892
-91.09535 54.67048 39.50016
44.71491 -24.83091 -119.2304
60.59153 -32.34948 -112.8444
-85.19258 32.28088 -152.0096
-102.3846 35.42319 -173.4944
-100.8701 34.54906 -188.812
259.617 -80.75252 138.5258
277.3242 -80.37766 154.595
13.4993 -30.53267 -39.84642
23.59719 -66.6988 -44.27303
27.74575 -63.45683 -45.53274
72.67575 63.90216 49.0791
2.99057 141.4736 47.50163
-265.946 -350.5549 587.6771
-0.791508 102.9681 28.58854
-32.32117 24.89528 48.74291
5.644958 8.790928 1.087917
161.3589 -40.99343 -43.76806
-7.939245 125.7947 34.81385
-17.89343 115.8345 26.94752
88.60426 28.99098 -43.13662
106.7993 5.428822 -23.93176
96.74002 -15.96689 12.85175
187.9467 -26.04749 -151.9368
-9.018224 61.39853 7.38136
21.07962 -158.0823 203.2895
144.5336 -54.57368 -78.1395
143.7718 -16.96803 39.85146
133.0768 -21.65924 38.29064
124.6067 -18.35361 30.4613
24.90624 -147.6313 142.0735
-3.298328 -142.3508 125.8569
-115.9578 -268.9812 444.6468
24.55534 -163.7997 164.4959
121.9957 -0.039063 -66.83512
9.147725 -176.6748 183.7631
62.49629 -81.96939 126.8739
68.78348 -80.02508 123.8933
-180.8187 87.15361 43.80515
-161.5987 79.39935 31.88098
226.5522 -14.94955 84.44816
283.7873 -107.7908 136.8546
303.5605 -108.7713 138.4647
275.1519 -79.99464 141.4852
-79.90325 44.67845 -170.0798
150.411 -82.10981 -202.9143
174.7199 31.95214 -52.23326
-138.9695 4.021967 -77.27689
-94.62151 -77.89364 -161.8652
-27.27514 -8.500343 42.21731
30.38911 45.13322 -51.82754
-27.7296 1.316348 46.43946
11.83749 133.6369 48.99271
-52.70291 -97.78979 -80.63094
-77.79482 -95.4707 -77.09212
19.8024 167.2225 -95.0164
206.2742 -44.69032 -73.6276
-115.663 -141.3819 -91.77488
-100.67 -122.9636 -86.08759
-27.7914 135.3955 299.5237
-25.13598 137.1843 308.6727
10.21326 -1.226145 33.38737
125.0384 -44.87609 -133.7034
122.0912 -48.7509 -130.678
-295.1343 -330.693 577.6458
187.8201 26.5633 -32.71878
-59.64748 103.2033 261.1862
-281.1209 -318.566 576.6599
95.65745 -91.3787 -19.6892
109.3004 -110.0436 -14.51896
-263.4605 -320.165 569.8423
-131.2878 -247.5987 402.5714
-113.6712 -244.198 393.9623
-180.6577 -284.9148 465.028
180.5565 -64.72393 91.73026
166.0634 -57.78238 82.54323
50.90527 91.46911 -97.11594
-49.88515 85.4035 15.42715
-60.23458 77.29528 -11.24529
-40.0196 80.31161 3.99752
-34.06108 96.27267 12.21254
75.24391 18.70519 -43.90299
32.06194 27.60723 33.98304
48.04207 8.065194 -8.794036
84.00893 131.8748 -25.28201
15.56988 121.7297 38.9645
12.87528 99.14111 29.83154
-58.79544 -13.61926 -60.18731
-84.9696 -0.949832 -73.6468
-90.56812 -2.398136 -70.00183
-153.6479 -1.376668 -32.81206
-150.6204 0.817112 -37.18818
106.1293 -64.26878 -18.42588
88.29308 -50.62777 -29.48678
-110.2488 142.8067 -12.17189
-116.3864 138.7189 -8.661203
-136.1284 -85.71029 -129.6254
-152.3553 -101.355 -140.2909
-147.4192 -84.0982 -127.9899
38.54461 88.26369 -232.1074
183.671 27.52308 -43.91339
180.6405 33.34263 -38.68479
-93.94769 -45.80342 -157.0974
185.9919 61.75127 -137.0503
111.5625 -121.0302 -102.0238
121.8368 -140.976 -110.1331
-74.94053 -60.49924 -162.0773
-78.81519 -61.28234 -156.1708
-80.70467 23.51726 42.76381
-67.84551 37.32167 34.35119
-58.42701 68.32741 8.9385
-60.33526 -5.990105 106.1127
-53.71517 -10.99525 108.0485
-62.55806 -13.20835 109.2166
-48.9836 -24.30729 104.597
185.6305 4.830904 -107.7039
191.7883 12.93651 -113.0678
-89.04155 -93.69559 -153.6206
18.86057 -60.14886 12.34444
20.78672 -63.72626 5.917624
102.0376 -60.64328 -106.2316
-128.1466 -82.313 -83.15392
-137.2893 -82.38886 -100.913
-154.1404 -97.70295 -94.98417
-145.9666 -91.81564 -92.0065
-89.28701 -10.34721 -68.81551
104.6447 -18.15078 66.82182
120.6374 -19.93569 83.27045
13.68341 31.14365 35.63161
-263.7958 205.4163 -33.19809
-253.441 192.3817 -25.55761
23.18039 40.69374 43.09841
31.41986 23.26621 24.36017
195.4875 -63.56728 -174.3564
210.3908 -72.54628 -189.4533
64.92615 -71.31035 -143.3546
72.77161 -108.1561 -200.2268
80.79233 -105.302 -200.3455
-16.5413 -172.3381 -27.50517
11.09832 -70.04768 -44.79295
9.137638 -65.50745 -42.41303
-109.8376 -65.10001 -122.9593
-138.2752 -60.28905 -131.6732
12.64189 -116.784 115.5754
-19.98683 18.81285 66.27838
104.93 201.7487 -8.656013
19.6426 29.6606 -3.434641
11.27936 27.1388 9.708294
52.64563 40.82087 151.6558
59.62475 43.79875 148.1445
48.21571 35.48696 127.9722
152.3824 46.51332 -88.8425
124.7352 67.05287 -40.25977
-96.12331 -5.486697 42.7399
194.6442 -16.26727 -98.18557
30.68435 -36.59586 -59.51669
20.58766 -54.78696 -48.21339
-14.72569 56.87784 -54.04251
78.20296 21.41735 -33.19285
-93.57802 3.108648 74.65674
38.63665 32.14665 -13.72442
14.26147 65.14046 -13.13323
-0.824287 158.7356 11.43198
102.2685 -70.48456 -21.15743
211.0932 72.34892 -57.09215
229.2982 82.22903 -54.67896
16.46642 96.47168 14.20841
3.479283 -6.335023 49.68656
2.064217 56.20001 76.32038
147.1039 63.12646 -124.9858
55.62024 -5.20551 -109.0558
68.56801 -0.655679 -136.0804
44.41562 -40.73379 -40.52632
186.9656 204.5873 304.7016
179.5592 210.2739 308.0381
183.0437 198.5827 289.8207
-92.59786 -59.94835 -63.52636
68.74682 -76.76514 -91.19859
-29.30032 -9.602197 7.282125
171.3102 -57.46898 -155.9999
49.29012 27.3984 -113.466
9.749094 -17.71843 -71.24742
-71.84061 -78.91649 -104.0383
-27.72375 96.83667 54.05462
-2.783947 -250.357 -34.85861
-0.600279 -269.7977 -34.29203
4.343239 -267.4438 -41.00416
-288.2092 -311.6635 571.0894
199.5591 218.641 342.6534
73.24453 25.95513 -58.29718
63.03181 4.057622 -157.3201
-148.3288 -20.23088 -119.089
-90.69865 -108.6518 1.558391
6.690789 17.61892 -4.596663
-99.1753 -93.29533 -103.7914
-103.6694 -90.27277 -98.70751
4.060635 -75.94243 -32.71739
41.87175 -62.18619 -60.17806
162.7039 12.06049 -122.9162
12.0347 -241.0804 0.536574
318.3636 -112.1426 141.8192
0.539519 26.0959 -38.46822
-31.8222 -5.398353 -31.3969
-141.0631 69.60419 46.79799
-131.2855 81.156 26.05582
-153.84 87.52724 31.20055
-46.6569 99.8847 233.0344
-51.133 89.38915 217.9197
119.0903 18.11685 -59.65179
-35.58925 -2.079482 38.50019
21.4791 -11.81585 -105.4147
-41.88878 -37.19296 -58.36971
200.3817 -137.2518 107.5055
58.84553 -18.62591 -158.0891
-102.0216 -2.666015 -105.0917
-73.85718 -52.3166 -167.8687
30.80762 -54.3448 -89.73687
-40.11591 -40.42418 -36.46513
-142.0221 14.83872 -101.333
-78.5519 -61.64621 -107.9189
63.71494 -105.023 -116.5733
65.32393 -99.19086 -99.65847
-5.979714 -87.70393 -73.61349
178.9408 -1.215228 -26.94537
-6.466508 75.3568 99.47744
37.90762 12.06011 -81.62106
43.1843 24.97676 -93.80065
38.46152 33.0543 -96.80165
194.6949 -50.58334 -161.3964
30.17716 33.81557 -110.1678
87.89705 21.82623 -95.19606
-199.004 -5.401611 -40.93823
45.75334 -37.4761 42.83204
91.55539 58.72825 -51.59417
-16.31367 -100.8613 -64.86942
-19.70397 -104.894 -58.76567
217.3145 -2.604488 -96.56706
188.9047 -65.43866 -170.0813
194.8993 -31.17686 -131.8601
80.08836 -72.76546 -93.13793
-7.365897 -112.218 -71.12092
-24.09658 -104.7838 -63.73921
-116.6112 43.46217 -76.24279
-156.0252 56.61976 27.0075
-139.4095 58.48439 29.84662
-79.4816 45.18716 -142.7635
148.1261 31.81985 -145.4105
160.2965 36.61183 -165.9483
160.4804 43.93988 -162.4986
-51.94535 17.30679 -70.63676
13.06139 5.560771 -31.39873
-65.31679 -129.1271 -80.57692
-62.44085 -127.8059 -88.32697
47.16309 -83.30571 -133.3653
41.27823 -24.88155 -80.52238
137.3724 -150.0243 75.27576
124.4716 -133.8959 71.33153
-69.44085 50.67959 38.38025
-118.5546 -61.62056 4.275644
-37.59372 47.85555 27.25579
24.35152 -175.2751 128.5762
88.25804 0.526771 150.0421
-297.6277 -303.0573 575.2693
-132.5967 48.65276 -84.38663
137.0746 -94.72905 55.39164
170.8436 -61.10033 -161.8049
62.61191 6.926382 -115.2581
57.83096 -28.98572 -160.6341
10.09675 30.4183 93.70832
10.12988 28.19652 120.3565
29.35765 299.9684 188.4592
-298.9821 -319.2137 575.8136
-4.188532 134.5442 282.1311
-23.68176 133.0004 285.4474
-49.8486 -106.3142 -63.97639
-41.50188 -81.19683 -60.44644
-27.18304 110.4474 132.6538
-14.29678 93.96587 119.0698
-159.765 76.05714 60.41089
119.8997 -122.8851 -13.79586
136.2184 -138.012 -7.82975
-583.4905 257.1671 27.23791
181.4631 181.4377 258.5827
164.458 178.8481 264.2679
175.4251 159.4442 219.6696
-53.48639 -78.23584 -44.45952
182.8158 220.6786 352.7189
186.5312 231.1219 364.697
187.4403 222.5013 368.0277
179.3649 226.4558 367.3458
-148.6422 -91.28991 -133.6777
-119.5213 -0.159433 -84.98273
16.83789 -42.01418 -94.58411
5.015884 -41.10222 -86.02498
1.856981 -241.8009 6.293458
-254.5652 173.6341 -33.91592
-245.611 177.8676 -38.91479
-228.3512 165.7871 -29.17999
139.0387 78.55717 -45.62008
276.7419 102.322 -110.6809
276.362 91.2147 -114.7559
280.5794 101.9841 -122.0148
277.0255 90.16219 -123.2639
269.6873 92.19859 -121.2767
265.449 110.3654 -95.08163
284.4514 105.6367 -105.445
291.4073 114.2276 -109.1599
-139.8937 -76.75466 4.307837
-125.3564 -69.27984 -1.039817
-124.5781 -1.433591 -115.2494
-121.9094 -8.827113 -117.3862
-96.51625 -89.81006 -149.5602
26.46495 -8.026103 -135.4623
31.82631 -2.284696 -135.8021
-53.79564 151.2107 306.0998
77.47604 -122.7822 146.1446
68.89207 -120.4476 153.2513
65.34128 77.94718 -117.893
44.23432 82.1522 -87.52704
-30.49943 107.7173 96.61635
51.27595 -26.18875 -37.51691
-15.50152 -21.52151 -44.98727
30.70656 -32.92491 -33.163
-14.09039 -56.09922 -5.002831
-97.4919 22.73681 -179.5889
-16.39507 30.5882 104.4726
-21.37064 35.91749 102.4318
-7.367537 42.57719 89.72245
56.48283 -48.3684 61.60825
60.29502 -35.1269 135.9352
57.61242 -28.5652 137.5566
61.53886 -26.87837 143.3345
61.6642 -9.342813 129.5191
292.0362 91.878 -119.5281
170.3559 211.3138 331.0537
-37.98368 51.83421 -161.6475
34.43495 -53.23745 -118.9586
46.17531 -56.94616 -117.6934
-8.725123 108.8569 37.78883
-55.06401 -12.66913 -28.97477
-51.65249 -11.90325 -21.54384
57.36703 45.70094 -7.876559
30.32067 41.90195 130.0005
31.55387 36.86936 103.3493
-1.62687 -145.854 141.0772
1.855311 -132.3247 144.9189
8.311476 79.62595 17.41999
8.446825 83.50827 2.636035
-47.8947 33.48092 -157.2266
185.5766 -62.17626 102.2641
46.69159 -102.475 187.7437
189.4647 -23.59418 -172.2469
193.7236 -29.54304 -172.7211
203.7996 -54.13372 -157.9519
152.9311 -91.54846 -195.9978
16.93083 69.72092 111.66
22.98697 59.09135 104.2143
3.918105 81.21075 103.5445
-38.46256 131.0643 134.165
-29.02817 124.0893 125.4606
4.270738 78.05099 -108.3192
-5.580585 97.39819 -125.5855
189.698 -94.09885 -34.27974
71.3956 13.11364 -117.1332
110.5839 22.37469 -109.822
-63.12642 177.9006 137.3949
-19.17255 -145.2011 -39.74127
-22.42633 -169.4288 -42.05529
0.88727 122.2735 265.0825
161.2784 -27.54989 -70.85001
89.51855 -140.9286 149.9568
81.77551 -139.9829 141.928
31.62245 -173.3988 135.3667
86.51314 -129.0812 151.3572
-42.59143 -86.61119 -57.19358
-16.71281 -107.5519 -40.59575
81.43051 133.922 -111.4039
-0.721841 151.464 -135.4454
-0.595274 133.0655 -129.3837
-5.397041 150.0049 -147.4642
-74.05914 41.66704 -180.223
-60.32307 48.71895 -175.1476
-78.17925 26.53137 -162.8087
0.937102 -47.55896 -74.01711
-8.364862 -57.78222 -68.89193
-152.0451 -50.16975 -167.0064
-142.7963 -50.55502 -163.1506
-248.2383 -336.4472 572.0632
-81.8 -17.66403 -62.15303
-34.37761 -83.81242 -81.3055
2.839269 -63.28089 -17.41472
-15.49487 88.9334 -158.0191
-82.95293 -11.97699 -155.1799
-70.54611 -4.551261 -155.1332
-62.66978 -29.98323 -136.024
-76.93163 -20.01558 -150.6402
-75.50285 -22.85162 -156.0589
-152.7991 14.53399 -262.3846
-79.22946 58.46891 -171.4401
-100.8864 39.55627 -124.5309
-85.08707 23.48087 -116.0415
183.2121 -82.283 -69.39149
187.2634 -76.98387 -73.8353
-79.45448 -84.65499 -128.4199
102.5051 -30.87138 -117.2181
-73.10617 136.9705 35.67283
-81.50098 159.4995 41.36839
-86.40959 170.5199 44.11348
-44.47319 -286.9342 -5.919379
-122.4281 -2.507257 100.8048
-140.7103 -7.926063 112.9642
-136.6623 -3.382477 118.4114
-22.74254 23.48863 -8.836077
195.458 221.1861 327.3304
198.1546 214.2181 321.837
200.1207 223.6084 319.9938
-220.8499 -9.517336 -36.29638
156.101 4.886129 -115.2015
159.4213 -11.72231 -117.209
-84.03246 5.430927 64.06695
-6.468828 -58.71594 -44.13015
181.0912 -22.73615 -68.63622
15.9066 -67.13093 -53.49937
-4.144727 -71.6597 -50.46977
33.48123 97.57817 -39.67111
35.33432 94.51049 -45.92896
99.03551 171.6837 -133.0495
28.56817 -13.09157 -103.057
3.158269 83.08017 -57.40914
-110.5565 -82.74216 -81.1661
47.17794 107.6214 -229.8544
40.41927 86.6854 -197.0259
-3.29863 -56.42414 -53.51845
-9.91149 -23.62159 -58.23323
-14.47533 -18.99649 -86.81701
-6.512612 117.5539 -34.39199
-6.136162 116.8384 -40.69062
-5.692209 124.4057 -38.59654
-9.471524 101.3933 -36.2234
-9.691311 96.25559 -36.92096
-96.79847 18.72562 -169.565
-123.493 -11.3665 -166.8785
3.203916 -110.1287 -130.0872
-23.99001 -18.1734 -77.56412
137.156 -48.36122 57.66801
85.15547 -26.93021 117.6157
25.81346 -7.876163 -60.24221
16.50953 35.02821 -143.0998
-20.52922 11.88582 -106.625
-240.2076 -341.9552 581.1664
-26.97405 17.3193 -105.7656
-5.840261 11.15444 -100.2837
42.86269 -76.57966 142.0543
-196.8637 3.803744 -96.15421
4.670824 15.12441 -138.8162
3.87929 16.0551 -115.9377
275.5764 72.82938 -152.1951
-18.42281 10.21174 -138.642
70.51393 -22.12295 132.226
53.79339 -17.49504 129.5709
51.90914 -27.32574 146.2239
-70.86684 -106.7735 -139.4606
-27.61498 -152.2163 -89.23088
-30.04166 -174.7132 -97.60437
-70.3297 -2.410334 -171.6917
-68.12893 19.88338 -157.2039
-65.10909 -62.35381 -129.1781
30.26325 52.0293 -128.3956
33.91136 57.17703 -119.8204
29.01971 43.66937 -150.3082
-8.799102 20.60548 -109.706
-66.62798 105.5537 -1.247724
195.2988 -20.52155 -129.5655
299.6108 -116.6678 155.8951
65.91206 -39.16897 -105.0082
-24.75981 -48.74316 10.22618
-19.12577 -70.70808 -36.42027
-6.011405 -43.76678 -164.6781
-2.751585 -36.00717 -138.052
-24.72175 -100.7182 -3.332049
34.6433 83.79735 -92.80441
310.0548 -117.9611 145.8446
-28.89533 146.6872 291.0336
33.75664 4.961159 -14.47091
50.64333 15.59372 -2.197778
24.70769 -13.96381 -110.3285
6.216022 -264.9178 0.120354
62.30333 42.23398 100.6135
59.30566 50.37334 119.0641
-48.23921 127.6119 6.026535
-55.38805 125.52 9.550164
-392.5464 -417.5089 605.1868
-40.16706 -278.1168 -23.99601
61.43889 23.32231 136.6118
72.86158 1.237275 144.7341
-33.86838 -97.30963 -67.69001
69.78838 -59.81319 159.4351
54.43311 -45.97027 152.2827
-58.99693 8.570856 5.941301
42.25682 13.11653 -20.05564
-89.28178 -3.613515 -195.795
306.8404 -126.4648 167.9356
-10.83523 76.51923 -87.91196
-156.6253 -88.46767 14.33128
-96.45243 25.74514 7.622563
35.65034 76.70113 -174.4448
32.95186 68.89611 -172.658
30.07797 68.44324 -184.0749
3.042684 32.7244 -119.9168
13.69679 21.47771 -99.75359
-4.996383 42.72811 -111.6321
-13.81521 24.60618 -102.8484
-236.3303 178.7134 -26.27572
-241.2941 171.6889 -23.09788
32.15851 33.70188 -116.8875
-96.44804 -145.9649 -17.0082
-87.87484 -133.9689 -18.75258
-21.45507 50.05315 110.1059
-134.6477 26.23666 38.05785
-485.9327 239.8592 28.84531
-494.9545 247.1036 20.42717
57.61249 78.62338 -129.8279
30.15597 86.98545 -128.522
-182.5541 -103.5502 18.2895
196.1297 79.11608 -70.56619
-477.7634 231.1179 31.52138
-481.0636 233.465 40.65714
-474.6874 238.8006 33.83856
45.7357 45.16722 62.52653
47.40295 49.5348 67.51812
-42.13757 56.70863 -46.97021
192.8655 67.15999 -55.89117
191.5615 58.15024 -60.80788
103.5443 13.64931 -93.98591
-607.9011 260.0254 37.83288
-15.693 -46.75062 -106.1642
-128.3066 -5.203715 -98.9119
34.77104 -58.1812 -18.69312
40.27084 -71.15879 -14.05358
71.32703 -128.8203 -123.7574
64.10492 -126.3596 -131.6592
74.04737 -122.7271 -132.7099
144.6079 -72.31669 -59.74799
-46.7017 -89.17552 -46.68086
-54.07006 -98.8893 -54.91314
-2.038709 -88.07224 -81.47678
-0.772292 92.93266 72.77709
-271.0323 -313.9301 559.1257
-39.61941 65.64702 -40.66753
-45.75769 60.49821 -38.28039
-33.99065 98.65154 81.98962
59.99099 192.4179 -38.74877
56.85713 170.0697 -37.64144
361.59 -139.953 169.7348
349.0085 -134.3794 163.5511
-249.2782 -308.5924 549.5822
52.20055 25.55542 98.27023
58.7085 17.28866 104.5614
-169.7536 -113.4913 -99.8845
-174.5083 -107.0841 -98.10757
30.8888 59.717 12.55176
33.85374 -84.08447 -40.66842
56.76398 69.7078 -78.23283
97.75029 -47.15173 1.582948
134.9657 -30.27853 -126.6907
-15.7319 102.1375 -14.95418
-24.37709 78.62034 -25.49656
-33.79781 87.23534 -98.05556
18.56926 48.64591 -88.81917
94.69214 236.2673 -31.57381
2.871402 119.2802 -50.47846
2.395666 94.02864 -30.92113
17.13312 168.7122 -112.9961
174.3759 7.749824 -74.88972
153.217 12.54998 -69.88963
128.7288 -65.48502 -161.3954
122.4383 -52.9981 -138.747
59.66593 -12.62811 142.3903
117.9503 34.23456 -114.4341
221.1928 69.35123 -84.31739
61.32535 -33.20993 157.7794
-6.973505 -89.4328 -53.25827
70.47921 -28.71232 158.4614
16.20966 64.62861 -118.2913
18.46954 44.75937 -97.78107
49.21491 14.79076 131.9263
25.60227 -106.4062 85.67773
31.96097 70.978 4.042586
-39.65379 -245.4135 15.12785
57.64201 161.8061 -36.78568
-68.23203 -83.69417 -54.71456
-73.23621 -89.58344 -59.40924
-7.85709 -148.9712 164.2172
1.733257 -133.172 157.4838
63.18077 -122.607 93.54339
-97.01751 46.42585 -180.9198
-90.00301 39.08282 -176.6383
-104.5814 26.27056 -183.9747
151.9577 22.15005 -96.95449
59.51537 -15.60973 123.5327
289.8794 -80.68351 165.5234
71.40358 -30.17548 134.5903
77.96679 -26.30177 135.4412
70.97202 -36.62166 144.9586
156.4086 25.22645 -127.5736
-100.6607 -3.370079 -75.72562
-57.8759 -34.66518 -75.48441
18.76296 -56.72757 -9.421578
-9.902897 136.8665 -5.880742
13.72091 59.69271 29.7065
78.05209 -68.69498 -20.59954
48.26685 53.29487 13.56969
-56.62551 -19.75883 111.1388
-70.17384 -10.49078 104.3399
0.313876 -119.3898 -51.52547
-17.90115 -11.10957 -38.81231
112.8078 -91.72326 19.41297
-87.02984 21.75506 -195.437
70.65688 83.29835 -131.5267
60.15755 105.7723 -130.5184
-39.61861 -78.54416 -79.75907
-33.91533 -76.4708 -61.53633
-1.529432 -61.44363 0.578812
290.4442 71.32658 -153.7424
17.35052 50.82366 -69.19515
-258.5477 -354.8401 547.997
-320.3348 -305.779 601.3714
-101.8929 41.00861 57.06824
-111.2026 6.025505 39.81931
-12.85656 34.2895 -22.46799
38.81761 46.95211 113.0695
15.48368 39.09129 92.43043
101.3671 -43.11755 -34.40257
-91.51818 89.66858 -36.70292
-87.29688 104.0051 -30.06525
-75.4408 81.87714 -19.24715
-108.5122 83.36429 -19.42557
-103.313 71.455 -14.03531
-109.0579 67.82241 -17.26152
-43.20266 78.9136 -12.16646
-151.0985 133.5817 -42.10117
-191.5582 151.4996 -36.15745
-123.7963 102.1323 -14.71902
-133.0541 114.1491 -14.41166
-115.2878 86.73709 -12.55458
-133.4502 73.60207 -67.00356
-133.0716 70.20914 -59.64519
-126.9773 74.46445 -63.25629
-136.3529 76.88883 -60.21643
-129.6122 78.4036 -54.8176
-130.9891 81.06841 -64.11354
-107.2858 110.6668 -33.5901
-122.9256 85.17902 -38.15714
-124.9238 84.47933 -51.84019
-77.62747 100.7652 -56.35121
-99.41441 117.7935 -48.6955
-78.87855 -1.322051 -57.2237
-58.72644 40.56145 -67.70657
-140.7622 137.3293 -43.77399
-149.0027 114.8118 -39.9492
-125.6849 93.58492 -23.48115
-110.1743 71.65251 -6.844232
-266.5723 -33.85282 -74.63799
-89.90228 78.41013 -33.38523
-123.1605 76.93676 -74.90714
-120.664 83.97885 -70.5615
-93.55219 88.23527 -20.66413
-105.4092 139.8924 -57.27023
-112.4926 138.5376 -53.00507
-110.9242 54.73606 -14.83903
-134.0505 152.5047 -25.52574
-145.6516 171.0839 -25.07578
-111.584 132.4649 -29.87039
-142.3009 138.4479 -17.81429
174.4998 -31.29589 70.50901
-23.1185 -27.58496 41.26413
-100.9547 126.575 -33.47403
-80.52037 45.49034 65.72604
-110.55 58.57439 -4.723783
-153.6791 155.5341 -49.68209
-161.2634 163.8485 -51.54487
-112.6401 133.0112 -62.9304
-10.58864 85.47758 -96.11312
37.01101 11.66512 109.3997
232.567 -77.73976 116.9236
-78.92786 -2.29717 -194.447
-33.56855 -134.1714 -16.15369
-26.36921 -133.4293 -12.7354
51.70848 26.96608 -135.4691
39.87101 32.53523 -124.4125
46.1613 23.92436 -139.6493
-142.7768 -12.34403 -180.8898
-90.60834 -122.0674 -71.37896
-85.9838 -135.1241 -58.59549
-79.57236 -142.8236 -53.89794
-84.50412 -139.4036 -48.89801
-67.50641 -119.3102 -50.97768
-72.6821 10.95158 -177.9296
-16.16748 -81.73095 -53.52126
29.14058 46.53508 -117.6696
-79.99689 15.81375 -171.798
-0.115848 14.14952 95.18606
3.088364 22.50673 79.69015
-24.56606 -98.64478 -50.9307
141.3511 3.564541 -132.7445
38.82195 65.71615 -114.9032
20.77639 52.4768 -170.2489
39.99851 78.57938 -101.4111
31.76738 81.50336 -103.5952
30.08161 66.6209 118.0197
177.8292 129.1576 159.1488
-148.8542 -258.9766 435.8797
-144.5119 -276.804 449.3247
-131.8715 64.04273 33.53919
-81.67027 -270.1838 424.3947
76.85814 76.84502 132.5614
84.24672 85.57219 151.3145
40.27363 24.65619 98.16593
352.2482 156.669 -81.07188
362.7131 167.3617 -89.63083
-93.10909 62.9319 -153.6775
53.42425 22.08309 62.20692
105.076 -76.21996 -35.82046
-261.1421 -307.3819 597.8241
-261.5678 -312.6102 585.3484
-103.8323 12.22873 -181.6554
-98.64431 -36.06092 54.73574
-84.71422 -49.51573 -124.6031
-88.55512 -45.07448 -120.4804
-81.85657 -43.76653 -122.0214
-100.7381 11.86128 -135.1257
121.5771 -52.01429 -32.90333
-3.330931 -244.6716 -3.897368
7.339385 -243.8195 -9.485577
-19.77928 -133.6115 -34.99516
-11.66926 -133.9949 -37.23957
-7.562098 -266.9637 -43.9509
-23.48544 -48.82975 -102.473
-118.4597 48.46845 -213.3933
-129.9179 57.58229 -229.7534
38.58154 38.55725 -114.9224
39.92828 19.53952 -128.2206
-73.936 -92.68985 -16.10773
21.80073 47.66572 -135.3092
90.27663 87.44926 146.101
14.43697 -2.064442 -150.0462
-191.2642 16.95638 -84.77759
-173.8641 8.42065 -72.99516
-194.1303 18.43862 -77.14516
7.191375 9.684281 -120.9794
13.24035 -0.997147 -133.7615
241.1721 71.12827 -97.75074
237.1487 76.48129 -100.6381
70.10701 -152.4631 217.8033
61.85375 -0.882419 -96.32668
71.28847 -9.774756 -95.57046
-8.618038 152.6717 2.029661
81.76741 20.86301 -14.04682
-3.454172 -57.62774 23.50392
-3.408767 -52.35895 17.02769
-2.247945 -61.97686 18.27242
-23.86917 -5.680135 -13.86149
129.7517 -143.3447 88.15907
119.1747 -137.9618 99.92515
-32.63657 -57.2985 -76.59377
-51.44432 -91.8512 -88.52418
139.1039 -69.5196 -147.8115
126.0411 -51.65964 -133.8698
51.69718 -106.7414 196.7948
5.696556 -62.46152 -88.23145
153.3276 -55.49178 69.82283
1.719593 -30.49795 -86.51759
-57.63614 -66.37907 -44.32138
57.7079 -22.72541 148.9724
-96.38683 -73.14646 -38.86009
0.308108 -67.50216 -81.36614
198.0351 -70.0482 92.6552
74.38364 85.97983 17.29103
119.0241 -59.212 49.52167
104.7952 -48.55489 35.10136
-11.1462 -68.44975 -101.2491
-466.2917 230.5408 40.96402
168.7031 -147.2078 78.42805
185.1047 -164.9416 85.95197
147.4475 -125.6048 68.87789
-32.61306 -77.5945 -44.28591
-2.751804 -112.1783 -83.20035
2.45851 -112.5172 -76.80846
-47.92457 28.95342 5.477883
-46.83579 -111.9122 -29.23148
-45.38329 -101.4228 -28.05406
-40.04489 -105.4904 -32.39264
35.60887 -17.1688 143.0386
31.94882 -16.45231 165.7151
-21.55222 136.7467 -26.06702
39.81208 -51.5561 157.0473
-106.9134 -9.269604 -69.68258
-99.57205 23.5779 -5.335376
-125.4192 27.62367 -0.838373
-131.4476 33.98754 5.292212
-150.727 47.56343 16.92429
-1.473575 -43.62754 -88.59799
50.64306 34.5587 83.68401
268.8083 87.64742 -115.5372
35.67529 34.25095 127.9436
4.616561 -26.18267 -136.8102
8.768598 -23.75182 -107.0671
189.3344 133.3354 170.8748
187.6868 140.6658 166.7706
59.84232 -48.49822 175.9197
52.63433 -44.67768 176.2144
270.1389 104.7796 -97.29734
4.672377 -69.894 -75.57407
-150.8478 -2.954083 -67.31999
-61.53933 -40.52608 -81.03243
-35.3409 -44.20627 -69.25394
-62.39682 -53.95103 -40.3256
36.81344 73.44328 -20.37426
-157.7003 28.42426 46.87496
265.2998 83.16658 -118.4019
274.495 86.98823 -127.6503
265.7386 85.79731 -124.0372
269.6106 80.26656 -122.841
271.1056 80.53879 -116.5469
278.8818 108.2082 -130.381
-468.6323 251.2027 54.14325
-475.3963 262.8311 60.2631
-466.4005 264.7684 58.49237
-472.6523 264.8828 51.77385
-12.35525 45.87771 -31.69364
87.40282 105.3051 24.94633
78.84469 -22.74812 -138.5067
15.18853 -47.9796 -42.30014
39.67401 73.08382 -175.6994
120.4252 -58.63621 -24.9158
40.66969 -5.921388 -116.6501
-4.43433 -5.371166 40.4105
-29.80664 86.62738 -13.48086
13.27838 19.95561 32.36802
-33.83343 -245.7267 -15.39412
-26.96689 -229.4274 -14.32541
-156.1975 -0.780271 -115.1073
-144.3078 -72.55418 -147.5462
-19.52849 80.9613 -36.99578
-43.65269 20.43538 -30.91751
113.5913 49.92129 -198.4522
-2.450049 -33.00024 -127.9239
-73.79659 -76.66813 -3.490925
-169.1376 -55.31561 -180.8323
120.6003 40.33776 -5.704904
116.5823 54.78152 10.24524
-2.470995 -44.51725 -104.6395
9.420785 -48.44188 -50.89017
44.71366 -13.51819 13.7274
120.7671 -159.8719 103.4071
-31.45947 72.90408 -62.22298
81.69514 -115.6336 95.27267
-61.13178 52.90347 78.6146
157.1551 -67.83736 -162.2741
-41.18142 -11.44492 -91.04745
130.8534 -87.96864 -76.49792
-80.47482 -76.535 2.977023
36.52796 98.58635 -260.9887
-46.1956 59.21657 7.524086
-4.272279 9.925956 51.27586
-3.009366 153.1229 -3.051265
-47.79015 -22.2682 -53.4491
-18.0126 -56.71 -131.458
2.679049 -72.10748 -111.388
138.066 -26.88461 -44.0225
-77.03107 50.12811 31.95299
-51.41424 -284.9364 -24.76864
-35.54178 -106.4418 -80.93652
-50.97857 189.9837 36.44117
-47.12178 168.4138 31.33618
17.04033 -131.719 173.3821
-116.5672 120.5161 -52.35418
38.67996 -92.66436 141.3526
32.46429 -89.92686 139.671
-267.4122 -363.968 589.5635
54.61755 -153.0695 222.2007
26.40382 -100.0108 181.4538
2.372063 -115.2332 146.8281
7.680613 -116.4843 141.592
-26.463 -168.7553 265.2636
11.27499 -151.0294 183.0379
23.71472 54.36778 -76.08606
-12.04526 -121.0202 162.9123
29.15852 -133.7269 168.5722
31.56756 -47.20761 -58.01952
327.9979 176.5256 -86.71682
311.6267 157.7067 -80.31049
323.1551 169.0995 -80.96279
165.7743 208.8563 314.932
145.9504 195.6196 304.6655
126.3374 -52.27103 -143.0971
192.4046 -65.04269 6.168412
-77.05535 99.23977 -9.50848
-48.48225 18.40439 37.96011
-64.90702 17.89109 56.95051
-96.34797 -112.7087 -83.01005
242.3731 -89.15504 115.754
331.9662 -126.9932 155.4038
-104.1552 -237.3547 387.6979
-104.6057 -242.7366 384.3032
-108.639 97.88891 31.59681
-103.8914 100.5941 37.53722
-101.2637 103.4724 31.78835
119.9066 41.77054 -19.58545
106.9989 -112.147 -97.35165
86.0535 -43.27472 -134.4012
-125.4183 -124.6605 -204.3764
88.03933 -22.17509 -164.7279
85.73161 -29.86177 -164.5837
367.5204 156.131 -74.91179
-147.552 -11.44113 -70.37575
60.14256 -9.354956 166.7854
58.19572 59.54549 104.433
-256.175 188.4713 -47.48389
135.2037 189.6886 303.2204
303.1964 99.9017 -114.4124
32.97381 -71.81293 46.18228
-64.60899 8.273633 54.03571
45.10937 -39.57475 -143.4668
117.6893 28.53805 -119.8598
-106.4443 109.5722 15.99412
-99.93613 113.4424 23.47784
126.4386 40.8238 -130.8823
-451.8048 210.817 14.30082
-467.5007 253.1649 68.50933
58.44601 -31.94613 -124.729
212.0568 228.3978 357.1687
-35.65571 100.8738 302.2442
119.8353 -46.10352 -135.4335
121.1859 -39.70108 -131.4994
-21.97839 68.57901 -43.47343
-430.6769 216.4581 26.69631
-362.6951 200.3438 7.323427
173.0477 215.82 347.0962
-146.9604 -290.5173 455.8517
-150.5633 -270.4736 427.9752
22.25084 -131.1066 142.5675
45.70665 -135.0559 138.0098
55.60732 33.59207 80.52655
65.90154 18.66281 106.6677
48.65831 -16.19038 -56.43671
-56.85138 -134.437 -76.35967
23.47979 -145.3898 168.2887
82.3332 -47.66346 191.4528
73.0552 -47.00828 170.7898
245.1439 -78.7104 127.4616
54.18838 -57.25236 160.6093
-81.71551 -259.1133 430.9516
256.3035 -96.97129 120.9217
-65.51501 -58.33008 -106.6612
-68.88741 -61.27174 -102.1143
-75.17896 -82.00261 -132.8066
-96.61222 -73.27696 -55.96774
-36.21131 -48.14677 -34.50702
-40.22948 -86.76433 -77.84993
266.8218 -87.55815 150.8568
-559.04 213.6523 99.05073
-534.598 217.3005 83.05031
46.05141 83.94965 -187.5287
36.40298 83.10609 -190.6426
-24.29786 109.1009 0.02282
196.6204 -177.8629 91.24084
79.12856 -105.3182 142.8883
63.61787 -103.4558 125.8819
21.82088 16.50224 -153.801
40.57079 -125.7411 157.3481
-75.04359 -26.36708 91.0012
-71.10469 -32.248 99.71667
-74.58331 -32.53682 90.63592
-80.02477 -34.07721 101.4909
-68.76769 -27.96508 94.31218
-68.30038 -34.10748 90.83761
-76.40573 -38.85546 76.97345
11.95857 16.35366 -153.439
7.100458 158.6123 5.158209
15.44397 53.11157 87.2104
15.87789 147.1599 -106.3838
19.21139 152.5583 -97.83137
-57.05501 -135.8988 -21.49999
27.42482 31.3871 87.98808
25.305 32.05865 79.9781
-97.9735 43.11765 87.2982
37.38379 32.97018 91.29766
27.18822 1.867008 51.38204
-83.83064 57.68975 66.2924
-94.61687 60.83501 76.55976
9.728792 32.99363 84.30791
22.96995 -102.4478 203.2691
-542.895 221.4605 93.9362
19.92472 62.35567 117.3871
140.8744 -13.4686 -46.69772
-259.9388 -353.4576 599.5361
4.820567 47.94316 93.4774
77.17482 -9.861972 -79.94202
232.5823 22.11013 -138.8842
-94.47171 47.37679 75.02438
-78.30786 67.10095 68.68177
312.2996 -115.9079 167.414
47.85481 -78.66206 163.3528
101.1813 -74.38172 -134.6528
-12.00048 0.557818 37.99054
-16.79499 -12.49785 60.93018
44.73874 93.62254 10.69342
21.46328 -182.6049 194.9595
36.16863 -15.74961 -121.7211
213.8125 -76.19379 100.652
-149.2602 -46.93956 -153.164
36.91178 -151.4509 159.6934
199.3237 -65.58385 115.5966
-86.13937 54.12713 55.84363
38.59884 48.84047 124.9586
28.54562 55.90828 118.6506
303.2189 114.8394 -146.0755
57.75686 -162.4138 238.7927
38.29936 100.5253 -30.19065
-76.39237 53.82351 64.55759
51.62744 118.8979 -243.8454
-5.852243 -74.09927 32.84057
-95.38034 51.98534 -174.8279
-145.4848 -39.41809 -160.5922
216.8764 -48.35587 -81.49402
-91.99863 -51.98285 91.06834
-546.8116 210.2369 85.12619
-137.9803 19.87951 -144.6276
24.33814 -81.00023 54.02831
50.48832 -156.8532 145.1952
317.0152 145.8678 -79.57693
116.167 -59.12433 12.59817
19.61226 158.8529 -109.1211
-521.2657 213.4031 81.40454
-522.7764 209.0248 94.8606
-525.3187 202.2145 89.07416
34.22961 -64.27881 -127.5633
130.902 -143.821 -13.79647
179.8338 -55.37708 -36.07093
45.57334 -49.88831 -21.42888
30.6449 -88.39439 -94.77189
-152.4591 97.47547 40.07066
-153.7475 100.0095 33.36746
-108.1609 -165.7791 -18.26293
-113.8875 -160.7085 -14.32158
-130.1721 -68.0908 -97.69115
85.3455 -100.1832 -71.61674
-486.4027 225.6757 43.22593
-54.76213 74.26249 23.4131
-525.0228 251.9246 79.02692
-508.2711 239.5368 62.82153
-101.2671 55.35423 84.07937
55.23862 -151.5127 152.3703
-539.717 262.9568 92.53355
-509.213 222.4012 65.41849
-9.823579 53.72897 88.94149
-12.48438 57.50374 81.89255
-17.24299 50.87926 85.33005
14.78021 41.61465 22.39694
-49.1521 3.613591 51.57751
-552.9205 272.2854 104.1461
49.62021 93.24305 -104.5618
108.8026 196.8481 -140.484
115.93 213.8071 -146.8963
81.1404 -64.36279 178.7251
354.8727 87.66855 -142.7247
337.992 85.61672 -137.603
-581.0356 210.5911 113.0765
-601.4448 207.8767 125.8224
22.66889 -189.6178 185.1493
97.65044 6.629993 -7.640705
98.81096 0.228686 -7.789008
113.5805 2.570906 2.776017
109.9463 89.29032 -80.34004
72.95473 -141.7749 95.70959
-89.00311 54.07878 87.15063
-94.34195 -15.94397 62.55809
-81.14151 -0.126938 69.9508
-93.2873 -10.95696 58.46562
-99.39721 -13.10621 59.40541
-221.611 4.969824 -74.57463
-220.4838 13.5467 -72.80391
-222.4408 8.047609 -66.38778
164.6318 79.28571 -33.10262
-251.3203 -333.0177 534.7351
-271.8248 -348.3951 544.2719
-77.84861 42.7641 95.24583
5.00528 75.90784 -122.6031
-41.44427 137.1994 23.57369
40.92975 -153.3396 178.9246
-464.4451 240.0508 51.22598
-24.15517 -90.60799 -69.7064
-114.2291 11.65917 -122.1674
-33.45144 -116.1263 85.78482
26.91145 -43.38686 -61.59036
-363.8584 -417.387 604.6628
-87.0311 -49.40136 -13.68979
-105.6115 -25.34547 15.38439
143.3355 24.67936 -64.75073
83.34525 -34.17886 14.6762
99.24114 -133.185 126.1382
186.6795 105.5064 2.747389
202.2568 118.2019 8.430868
-105.7257 -164.4456 -7.21026
-102.4299 40.19233 75.952
-104.3367 46.16807 73.1348
-58.8094 -85.01366 42.83587
-101.6338 -87.23667 -53.79628
-87.71308 160.235 51.86028
-97.84618 176.8036 62.36985
21.207 -66.33549 -100.7659
129.5274 -73.04574 -155.2137
29.0158 251.2417 167.0755
26.90883 252.2303 175.843
-293.0558 -363.7829 553.6343
-312.8899 -377.1903 563.9636
82.87657 -11.81694 -4.802789
86.82266 -9.703977 -10.68549
84.18942 -4.806854 -3.052983
83.94983 -2.82577 -10.09085
-39.26474 35.88118 34.25691
-15.57614 33.68877 33.98368
-40.21531 32.50985 40.9382
38.04463 -51.10804 -44.42604
25.40553 37.88305 31.18026
26.79902 264.3108 187.847
159.0016 -46.98317 -137.52
157.3493 -55.17909 -135.4975
-562.2778 281.1525 108.2862
-560.7443 275.1346 114.8177
-98.81104 20.11373 -133.345
-239.9432 9.174563 -76.22489
34.19945 -67.11367 30.25173
23.7936 -110.1279 -89.26085
70.72582 -11.44024 164.7909
-53.01762 35.95523 63.05899
-30.10935 20.5982 34.67973
-77.80532 91.73633 80.36489
-65.16982 90.92907 79.84045
-300.0983 184.5863 -9.91565
-66.01637 26.90493 -26.08759
-60.48922 23.31035 -7.668843
-332.455 193.2818 -1.368336
-45.64076 72.26182 12.34044
-374.4001 206.3044 8.60948
-533.8692 238.224 26.66797
86.135 -70.58736 13.24414
99.80299 -138.4754 -6.777647
-25.46893 -26.613 -61.39259
369.7709 162.8109 -80.32935
364.515 164.689 -73.57081
-43.59861 -96.59162 -107.7653
-1.4951 -95.40622 -36.64294
366.5397 154.0379 -89.61738
-94.14581 49.45272 102.7287
-85.51096 38.56037 99.54787
-523.295 219.4493 74.29457
340.4468 184.3365 -95.21179
112.593 65.13869 25.54075
-156.0002 -16.10159 -26.27397
-36.17144 122.954 18.2804
-39.25881 120.3653 25.49485
103.945 2.864124 -146.663
-188.7892 6.130748 -50.65869
96.45098 -20.50184 59.16683
-30.22166 69.88636 -88.39735
248.5265 -182.4593 154.1886
239.0336 -173.2799 143.3225
96.78809 -88.83833 24.34517
-28.06389 -60.13166 -45.18771
-93.69409 17.68413 -150.5461
-93.35674 -38.65873 122.1675
-92.77388 -46.75933 118.6846
-98.57577 -41.17419 115.9657
-105.7551 -125.1305 10.11412
21.36074 143.3781 -104.8783
17.26862 115.5716 -101.0291
59.53429 44.54231 53.6417
8.553084 91.75124 10.44791
54.31977 -67.38391 -17.72846
44.67157 -94.31371 3.87643
37.36786 -87.35593 15.07242
41.85164 -109.71 25.89173
10.37099 -82.66663 -87.51788
112.8847 99.35555 14.8302
45.90105 -106.1573 14.94573
45.09383 82.65626 55.98523
-120.6904 8.451141 -148.0952
91.08695 -149.416 84.97571
-331.5029 -389.1604 574.4164
48.10184 -140.9234 172.8315
330.9281 82.14796 -133.4278
-145.4321 -283.5213 468.652
-146.6848 -289.3153 482.1595
27.0106 -60.75119 9.223886
229.9395 -21.2227 -39.03127
109.7568 -144.221 -51.80227
99.78339 -129.3893 -50.52016
104.5635 -127.1157 -51.34741
195.5678 -16.47507 -43.16072
-489.3849 225.9467 53.74743
-497.2999 222.0947 64.58741
-501.3353 219.464 57.3006
185.1709 -42.25465 -35.44507
193.1455 -46.69079 -34.79071
227.568 -26.73385 -31.10792
26.17639 -22.3858 37.79667
-168.5686 144.1575 -49.39627
-168.1744 146.8516 -41.34772
199.5851 -96.17098 -94.11302
56.01653 -110.1104 217.4529
215.0401 17.42352 -117.2464
154.5471 -16.41907 -77.9846
-164.973 -89.14008 -167.8492
-41.47387 14.83336 56.12473
10.74738 53.1843 -189.7338
9.521535 59.24712 -212.7907
-30.13344 56.50675 133.8004
39.16406 97.01138 -209.4388
-29.2437 33.25557 45.48906
50.49873 -100.8348 -153.1761
119.2994 -55.50334 -9.229412
7.804249 11.95385 17.19975
123.5329 -144.2233 26.95972
97.03871 150.8832 -23.82539
63.20068 -25.4813 -62.9691
6.029548 43.02939 -163.2246
-17.35836 15.54841 -122.0984
-14.93079 38.82988 86.56789
-13.90793 47.22818 104.2533
38.99987 38.58074 -138.7654
33.16555 24.9386 -121.5285
-17.99942 38.33503 142.2127
-13.59536 37.34699 117.1119
-269.3135 -29.86161 -59.84787
-72.85732 -44.23385 -5.928145
-17.36559 53.84623 129.4742
1.331542 71.35552 19.97668
206.9807 22.16701 -121.4905
-517.7621 254.9273 63.43813
79.43004 -100.4457 -101.6963
-16.99384 -38.82816 -87.45733
-18.51197 70.36937 102.6436
-1.119113 -104.0727 -136.194
112.8217 -138.9185 -19.22281
106.7373 10.59345 -112.1117
7.747138 96.92122 132.1427
8.831578 105.5137 152.7336
227.3298 -161.9201 125.6602
43.36597 -84.67535 117.2315
-52.85221 -132.531 -87.12846
134.8065 -161.5912 30.71034
-2.502516 48.83734 80.74464
73.96246 75.07675 -132.7622
78.08167 163.303 289.4419
-20.99038 -106.8797 -90.72969
-73.77647 -39.3945 -43.63921
-163.0682 69.07331 27.88014
-288.0232 -340.844 585.9434
221.8823 -26.05866 -150.443
34.44709 97.94181 -97.1097
240.2446 -3.384171 -100.1099
-165.8623 108.4403 42.77639
334.5695 191.957 -88.28217
-87.41387 66.1778 50.2516
13.56116 49.99682 63.81373
15.6169 55.56511 66.02726
-33.01189 128.3812 111.0819
-139.3498 100.0309 -18.57083
-160.1029 111.8605 -17.63574
49.52142 68.66717 -6.866714
-195.1439 65.15337 157.2743
-190.726 75.04789 159.0531
-191.9955 68.65965 163.8025
-197.846 72.66281 156.1574
119.4888 73.76394 -124.6708
243.4554 -14.37472 93.4548
-28.26581 11.6858 -1.107103
-258.1018 209.214 -22.59326
262.6931 115.1772 -88.49208
266.2876 108.9747 -85.0026
4.154611 98.63555 -107.5384
-48.73466 -105.6719 -50.5608
-35.83406 6.497087 -37.14326
-57.74261 -102.1768 -46.55541
-63.18702 -110.7382 -47.14431
-72.6411 19.68887 -17.87361
-48.30299 -55.94255 9.079337
-43.74686 -52.34849 -3.089988
-48.83166 39.28882 51.10749
-86.39148 52.28162 105.4445
-111.6805 -9.678251 -5.972344
-87.5579 -2.275204 -9.142016
-100.6007 -0.468845 5.591434
-96.92732 -1.772291 12.55247
-39.2611 68.49247 88.5781
101.7178 20.72065 -14.74083
-2.3307 88.47493 0.837402
-30.22445 -18.99054 0.461221
-265.9487 200.9404 -16.69343
-270.1771 199.6071 -24.21775
-68.72627 30.70678 27.55293
-54.64425 -3.265189 -38.24651
-54.48643 -1.666339 -30.30804
29.11441 53.24712 -83.58452
-524.9349 267.0179 64.99538
45.62567 -121.6244 89.23412
-464.0636 239.6931 33.12987
14.90278 104.6825 69.19535
7.80301 107.3153 68.31725
30.49453 -32.24325 60.65399
-85.27526 97.61335 24.85983
-58.62558 83.77633 -1.007829
11.47131 167.4917 -82.95997
-182.9874 89.57056 33.86848
-88.4372 25.20759 -226.946
-44.17762 95.60727 -82.83052
-49.3791 112.0309 -116.1771
-89.40739 27.84147 -5.114653
261.8694 230.9594 308.3211
-35.45591 -44.80692 -55.41787
14.91276 189.2961 -124.7674
22.55775 189.9413 -121.9345
-59.67697 129.4474 -128.8883
-70.66127 89.02663 0.30778
23.4871 154.244 65.96473
220.7483 235.5075 368.009
-101.6969 115.2053 16.66493
-76.56311 130.852 0.203485
-47.92096 -48.9769 11.66089
3.718423 176.6168 -97.29308
1.278636 198.9109 -103.4613
214.2778 -55.90849 -28.56677
-98.98714 37.04118 45.98859
-82.1549 42.01628 36.63326
34.52105 48.43696 -176.272
108.7056 184.3355 -140.4595
48.74958 119.6502 -99.96507
21.81178 26.06536 -16.3243
18.74167 -13.62381 2.978728
191.815 -16.55704 66.0944
43.75689 -62.97673 163.3664
2.547819 137.9624 -108.2716
-18.83332 120.7621 136.9863
-13.44609 103.0685 123.4681
-22.05297 139.5806 161.4572
-124.5782 18.28929 -4.906388
-97.46071 -91.64571 13.94963
6.870139 113.6971 4.844286
-0.847989 114.4759 6.952415
-70.66728 -101.5568 55.55285
174.8629 211.6984 317.7187
-174.279 177.4541 -59.58723
-172.8206 180.7961 -52.07546
-643.8004 204.2088 154.1306
-632.9022 204.8291 146.4206
-619.4155 205.1696 136.3895
-630.5768 200.0994 138.6903
-25.45307 -109.539 -24.89579
-75.2797 43.18499 133.1773
-610.4623 207.8575 133.1464
-103.3985 24.4705 -156.3958
-63.97182 24.3028 -167.526
1.805799 165.8377 -133.934
-39.2233 -127.059 -73.3493
-133.0411 -60.68919 0.615075
-125.1295 -57.81538 -5.022746
-65.08947 -26.08122 105.4653
-67.6935 -21.0383 100.5694
-60.40958 -27.72768 99.901
-35.93911 -101.6911 -88.94379
-78.75209 -42.00816 120.9302
234.9182 -174.8549 129.3618
138.73 -118.5269 65.9562
-5.532436 82.71309 105.1038
-111.9383 47.61213 -204.8647
-0.161414 27.29556 -141.5971
321.1044 106.3842 -114.9232
256.1788 -188.7127 135.5098
244.0649 -177.2669 130.7964
241.1074 -168.1127 129.5499
20.26879 54.28434 -89.71864
24.08199 53.34583 -88.0947
17.14058 52.77806 -86.45929
21.68185 51.49033 -84.87305
93.25536 -155.8478 154.4998
36.25002 159.3048 80.10076
-69.40927 28.14902 -82.32083
-270.3151 178.7663 -40.14455
-271.3553 176.7986 -31.76198
-59.18679 20.71902 -52.02258
-54.99688 26.13087 -53.5057
34.17511 54.84544 96.50018
81.33131 10.75483 162.1056
67.98437 12.1135 154.4904
75.65583 7.353502 165.7674
60.71493 12.10393 150.3007
167.6379 25.48346 81.03683
-86.57618 122.8007 -13.56104
-47.3348 -29.19749 15.12271
-101.7715 62.81895 -29.4845
-8.857789 37.4684 110.0491
-120.0386 27.37172 28.62585
-260.5592 9.992171 -75.70212
-259.0074 7.181913 -83.90818
-258.5492 15.68365 -82.00904
-34.34194 61.9575 24.655
-1.485048 -55.0335 -14.51928
41.72438 72.61385 -142.5431
151.4893 -13.80941 -129.623
-615.6461 218.7792 40.07421
60.88119 -172.2736 121.5551
-5.029888 22.67916 101.5546
-19.33741 -88.59813 71.93256
-30.06689 -70.11488 61.44521
0.429462 66.71223 101.1893
-47.19494 -58.75021 59.08985
-51.56234 -37.30252 41.96153
6.310942 70.90069 94.89555
210.4265 220.1237 353.3535
-33.57785 30.93727 77.34154
-154.1553 -67.9412 7.282238
125.3768 190.0501 303.1442
129.2494 182.4455 306.5387
-32.84278 -70.14383 24.74045
-30.9875 -64.25465 30.54506
-38.62115 -64.42574 27.30657
-9.414227 -97.46633 -103.0711
-509.6695 245.7431 74.37419
-27.79822 -94.49797 -96.69151
-2.226963 -104.4571 -49.35172
-101.0358 29.67809 -137.7927
43.95432 58.70895 147.1369
-51.63296 98.47202 23.86764
-61.87153 100.8588 23.90896
-51.97186 102.1035 33.97928
-45.91618 -118.9107 -52.2743
-49.57405 -116.7139 -43.47907
-64.24082 -51.58453 57.32968
333.0421 111.1778 -154.7729
-591.6837 225.5621 18.35438
-154.9047 19.97151 50.49183
-126.9866 -250.2593 445.6696
-36.75661 153.1983 137.0617
-44.88853 151.7092 138.8912
30.51685 43.61438 89.39561
27.88896 58.79329 92.31036
-96.16661 -22.92002 -1.237542
100.8175 -122.678 -63.89408
94.73673 -125.3819 -62.77765