-5.52651 -91.77016 79.80457
-25.77531 9.480002 10.62182
108.5329 16.7036 69.122
-109.9688 -32.2968 -16.54799
71.28738 6.281376 23.53566
44.96523 86.75395 24.46737
63.98092 -6.187352 120.6749
-3.213076 -129.344 -25.01051
78.83193 -8.850028 84.50997
11.97793 -26.08987 7.262157
77.34534 95.86259 48.22256
-13.67034 -33.19321 -111.3875
79.77009 -87.3577 23.22657
68.26196 49.08549 -101.5505
80.62573 -2.232082 -71.30614
10.02705 11.50433 41.109
-50.78709 15.17601 24.97603
-0.5642794 -108.763 11.69799
94.80606 59.29689 1.893952
-88.52518 3.458419 -0.3931924
64.43275 16.89845 109.4045
14.23059 -4.940437 -130.7636
56.72419 38.28044 132.2502
-72.0565 2.699105 -20.44842
-27.091 79.26806 12.55405
-48.98916 -48.19564 -31.4453
-55.19504 14.07473 -3.012271
-68.08438 -83.41488 25.34092
-29.27439 -74.87444 87.446
84.60352 61.62885 -82.78365
66.33399 -2.413948 -51.05381
-85.88107 -84.43582 -16.58062
-64.49512 47.45012 35.15599
83.0423 5.229452 93.54055
71.13716 52.24447 10.28326
91.49645 -32.48717 -13.25529
66.61467 -102.6286 -31.87784
-88.07257 51.14096 9.075034
-68.49383 -115.1381 40.71329
58.48785 89.06588 -38.61714
27.42027 71.97768 106.8733
5.796015 -50.62561 -111.8566
93.6432 38.09392 15.81924
30.10108 -30.13151 -103.4152
1.82658 -41.04879 118.0603
49.49098 -4.205304 25.41907
68.70937 -6.248171 -121.1977
72.48551 -76.8748 1.944859
-95.81916 16.73798 -28.43558
-50.04266 -85.4707 35.25031
-49.09747 93.92596 42.9137
97.06429 85.14052 -4.088235
-20.48366 -52.88501 -105.5608
53.07659 37.76272 115.4102
-7.086369 -87.3709 70.7931
17.7716 -123.7909 -62.2637
-103.9666 -52.78494 -45.34071
-62.9476 -115.9289 -1.624032
-16.77645 -120.5244 18.97356
-3.640991 -39.64566 132.9286
11.92572 79.91346 -10.10097
2.038118 72.95765 -95.76074
-62.67283 6.394204 -81.45585
-5.938747 -17.1147 -53.72227
-120.6622 64.68534 -32.96992
-16.94071 -114.1277 -10.83106
-82.19466 55.70993 -60.17424
69.39581 -26.54561 37.68433
43.733 30.39937 5.093861
84.42649 13.18566 -28.39268
67.34888 -23.99507 -97.57829
82.35925 -58.01734 45.74015
-118.2395 64.77347 -11.57182
-28.13758 40.12143 68.30472
74.4576 22.96134 -114.2326
-87.10007 95.20921 27.97057
28.15491 26.57768 -124.6585
36.81002 18.92628 -5.499513
-44.96429 23.87999 -9.993854
49.89469 83.15684 -91.39135
36.58604 -28.34421 -4.274019
-23.1706 -8.951174 41.22186
18.65706 -107.7328 -1.873492
12.49777 -82.78334 41.23619
21.23498 -117.3177 -2.638497
-108.3905 39.60046 -60.11787
-30.48161 -67.635 91.80685
-100.6027 -41.68453 48.826
-65.97646 95.81722 -70.93301
-98.29819 -52.01541 68.16962
-44.67802 67.49613 -100.6635
4.444661 -16.08927 -39.52902
-11.90765 25.66202 48.06369
20.80933 25.86482 86.84785
-32.36026 -68.80849 38.07969
91.57579 -33.76062 -25.36754
-69.92955 -110.1224 43.84684
-117.844 34.46669 -38.79554
-60.91737 74.13453 46.61097
52.16293 35.72489 -99.97569
51.29667 91.37759 -84.99199
-118.9004 44.20755 -21.88949
62.574 100.0585 -37.85881
-43.81306 -120.0897 56.92933
45.60741 69.14317 105.1268
-37.82582 58.1635 -103.9446
-120.876 -19.76266 -43.2377
-49.55273 111.1343 -9.987498
58.96797 48.3144 123.6862
76.41734 24.99789 2.248173
1.186701 -51.99084 122.0895
56.63852 -41.81588 53.96342
-10.37514 -113.4049 56.52448
13.28061 -27.60367 101.1775
-24.82307 -87.33723 115.6184
13.39405 93.54 -19.60492
-45.58571 98.36806 -53.52521
33.04077 -54.98142 36.49451
8.147532 101.7332 -71.45264
-39.29511 -58.39759 93.6373
15.34209 27.4547 -101.3409
84.65813 54.17719 -83.42096
90.76806 -17.73045 -82.33788
97.26404 -30.73448 -34.37958
41.21154 -58.47719 19.92703
104.2268 -3.778704 18.24265
-55.53642 -58.19341 111.1413
-93.95773 69.58933 -23.52054
-3.220012 -59.79444 109.388
72.66759 -35.86872 70.40661
-12.94836 -129.4341 -42.55248
35.95069 -45.85231 -119.5269
-118.6649 81.1324 -19.73416
-20.13571 -48.38065 33.42455
82.37673 -41.38846 -78.66196
-23.17062 -130.9213 -27.09315
25.36099 -42.33723 21.85627
-104.8612 27.93659 -8.812685
38.74059 -25.52769 103.5934
-91.94193 73.04462 -65.48915
34.95208 -60.17923 -7.681283
-50.08514 46.86449 -13.33932
-23.65794 -89.32483 -27.31792
58.58669 -73.08986 -70.1025
58.49748 14.66348 9.480738
97.41281 -36.359 -79.19514
61.2853 63.90541 -74.79019
-6.566717 72.90646 35.43296
-38.75628 -88.70979 -70.29742
-111.0245 20.24926 5.848139
25.36591 -28.61091 128.4799
-2.912692 -27.39427 32.32107
-60.63562 63.1338 36.72761
-78.00464 -57.28603 87.53474
-21.5253 -93.8466 -86.30556
-11.6428 -11.15283 35.53789
-100.2513 60.5243 -46.26935
15.65179 -49.42499 -55.5467
15.34321 -110.0689 16.14785
-63.08708 23.45966 24.38947
18.34094 -40.87385 25.61561
13.79134 -117.2772 4.48922
50.03878 34.3312 136.749
63.45861 -63.12796 23.47993
37.23768 48.78226 -117.9591
-2.314448 101.2669 -61.88971
99.26681 -20.59492 16.31072
54.9656 34.46681 106.5933
82.20175 -27.06998 -66.50259
68.09119 90.72539 -30.32944
-53.84128 86.11455 -30.40257
-33.06466 -5.436372 124.4463
-104.9521 16.3639 17.30661
-0.004496135 37.47244 67.8446
-32.87534 -50.71839 30.26628
110.1627 24.98941 18.5282
36.51771 -95.828 15.62897
47.06926 -46.84432 41.17612
101.7219 8.959037 20.61196
18.00925 -106.106 25.36523
72.6199 90.40826 61.95627
-131.1518 6.218982 3.988054
-117.702 -22.90891 -51.20996
-9.05477 41.69785 -20.80688
-33.29646 -132.1593 -17.46356
80.1565 2.151736 -109.5272
-36.92838 100.419 -54.22919
18.18978 0.3598937 135.0535
-54.10443 51.02845 35.49192
24.65178 39.43057 39.21807
52.19598 34.21965 -32.85968
11.63005 21.82722 -10.89377
76.6905 61.2375 -43.88586
-33.07759 89.12583 -16.63477
90.3406 94.02767 -6.29962
-23.02958 -1.551293 37.03402
37.05861 -70.15888 -118.2901
5.049877 90.92817 -48.50446
23.63207 -125.0169 -16.84193
-116.7339 18.19837 9.234885
-118.1307 47.82336 -9.529821
-7.348835 -66.40498 29.68687
-42.87872 -74.00861 82.8793
87.22972 -52.08841 0.3591291
-43.92711 -22.70493 -98.4838
75.21727 30.89361 25.4587
-53.46473 87.26469 -77.59885
-16.29179 -4.316291 87.27448
-39.94942 -22.24953 -24.88419
51.03122 48.76722 129.7659
7.18627 -22.37896 -100.0391
-42.27431 -22.46225 19.572
-44.45054 -8.199466 -91.91695
78.04425 -56.20678 16.95519
33.86186 20.23059 76.3658
-115.0511 40.55199 -58.0006
-45.2729 -38.20116 -93.81077
-99.51238 -43.55848 -47.93843
-43.96241 33.49268 -45.11842
66.2793 -36.1816 -96.14661
-109.7504 73.99055 -23.82787
-0.4099192 -124.6643 -33.57733
91.6088 70.98913 -72.68745
-53.102 -37.1236 59.15678
92.73839 75.09309 -53.70583
4.941115 53.49884 -42.8045
-2.103839 91.95962 -17.14831
-6.897023 90.22398 -93.83851
-9.790744 62.69853 31.81661
-86.7608 -80.54079 -46.00547
-76.77127 13.3931 69.33192
-54.72364 -40.38798 -114.076
-47.38612 26.05864 111.6483
-92.1297 39.4361 1.962429
26.56875 80.85316 98.26324
88.03746 17.61191 -85.9658
-43.34252 -68.06666 -40.86983
-5.720715 -24.75586 -84.18145
-69.7134 93.31991 21.78998
-83.47939 -69.61167 -18.00947
29.82505 0.4297713 138.4503
-20.84906 35.96946 -107.6722
-3.40472 -122.5448 16.28233
41.55901 75.44234 4.85983
-12.23743 -23.67727 -15.07758
22.07141 93.33244 81.78422
-47.47672 -80.08562 -24.7385
-57.83764 -105.8119 -22.20045
-34.03317 96.15945 -27.46743
-11.12378 -5.21338 -54.26286
30.92776 -51.89205 -36.61422
-12.57684 -8.767653 142.5378
37.91287 -16.96409 102.9511
2.880821 -17.87513 -13.23091
81.52696 -80.96374 3.22239
20.20941 -55.27006 -129.6248
48.92876 55.85682 120.0277
81.43854 -18.99326 -69.98046
62.55738 -57.40736 28.3217
-40.67151 -111.2784 29.03405
5.087709 99.63848 -50.69439
-45.2627 -41.9794 31.34158
2.071411 57.61315 -85.07217
71.6261 0.8742156 113.5269
92.54472 -68.79636 -21.94258
72.4246 -43.24435 -48.96743
2.068786 -6.986061 -65.81065
-47.71788 81.78883 32.07
21.09209 -43.45221 36.71629
46.38066 -34.82793 -108.493
-45.14154 62.08592 -12.46345
95.9354 77.80051 5.855876
-42.79072 -107.9659 54.9834
-15.93039 -89.41352 89.15125
-57.84718 67.94874 -11.56323
-8.621506 32.77843 -0.3125149
-55.36612 -49.93753 -80.05471
-4.54902 47.51068 -56.24473
-52.1232 -40.00189 2.296178
86.09349 26.53313 -103.6557
-11.44849 -116.1142 -9.268702
79.96045 70.94395 5.608782
-6.477006 -0.1582395 105.5948
74.4614 103.5347 25.21869
46.11091 44.72327 -121.9955
24.17747 51.0073 12.35191
30.93328 93.11847 82.20696
-13.60812 19.68013 13.55943
-22.29391 -16.6898 -36.49685
94.60077 -38.58372 -37.91296
-71.52377 14.21083 -77.72759
-47.88969 -13.85637 27.44782
26.48342 49.60209 30.6351
-45.98022 40.1825 -84.13176
-89.51646 59.65476 -39.28705
-55.64781 37.13146 38.37757
57.81475 40.3363 119.6045
-65.9476 -117.0917 47.62072
80.17881 38.78167 -107.545
-112.6425 75.54195 -14.92433
-18.07414 -1.229791 59.52671
1.059153 -90.43621 -61.8184
-30.10976 88.83167 63.84453
38.8149 -51.87256 -64.3589
-46.76323 -102.1942 -14.99589
49.93214 -37.45261 42.31377
7.095708 77.12242 -5.970292
10.68436 74.84287 -51.80472
-85.34353 102.4698 31.49165
-34.83642 64.11366 -80.41644
43.95456 -6.05615 135.3748
-17.80345 -72.90826 -90.58006
56.48082 34.37495 -7.549229
91.25053 -1.160577 -38.42988
18.86877 -84.48058 -77.4964
21.91633 -48.68488 7.42921
-36.34811 80.8541 -95.874
84.28187 26.0614 9.679332
-87.00707 57.23498 -44.28583
107.2367 40.72012 12.3198
60.19221 -48.71505 -60.07525
62.80008 -18.8355 15.87943
42.82912 -109.1616 8.254158
-63.91751 -15.40332 19.5699
53.42038 -118.8059 -17.46232
62.01038 -55.72425 -21.7456
39.77907 -54.75489 6.939075
23.52779 -33.12172 129.8898
22.53704 25.24258 -7.266029
-50.05006 -22.82471 86.75
38.67031 64.42425 -111.4682
23.74557 -35.49046 -34.34001
47.79033 48.18557 111.9244
-27.27248 74.08263 25.68669
-53.40126 -2.948203 78.7038
96.43892 28.28142 -44.12293
-76.27402 63.12633 -78.68828
59.0798 40.08439 -104.0727
60.62297 75.71928 -95.71481
0.2877865 -0.324635 -74.7253
-35.7164 -25.84587 -100.5112
-108.811 -52.66425 12.48789
2.44947 -121.5329 18.92993
-51.27326 -105.8919 -72.7633
-45.37249 -26.28029 99.59498
13.24377 -46.34747 -2.791342
-34.28804 67.99801 15.91218
95.75362 11.14761 12.99495
29.98993 75.92534 -27.98787
-120.0824 55.24632 -21.337
-63.72853 -26.66321 -74.12106
-0.5530916 56.94734 32.3761
-3.717173 -131.9098 -43.64776
55.82872 -11.18469 -32.07679
-134.359 47.58962 -18.32472
-121.4903 -5.97352 -31.00663
-53.17383 27.89071 -88.27727
13.46638 -13.96356 -133.7247
-108.2398 42.43715 -2.542696
8.341217 25.40299 135.2983
29.57223 -39.32759 65.95008
-84.85516 96.95213 -2.936559
-16.1677 -117.6878 27.31719
-28.82011 -47.25403 -96.09228
-59.86633 87.62637 -53.18093
37.27786 -36.51498 123.0135
31.67914 56.85926 137.2525
-87.64368 -0.08891679 22.85646
-49.95396 -112.565 42.88142
16.94918 18.0121 -48.42331
-67.20631 -13.82876 -68.76263
19.9524 -10.00525 -99.53429
-18.63338 5.464753 27.73573
41.69414 86.70448 29.3392
-101.9248 -64.58412 11.38543
45.03698 72.09769 121.1725
36.38752 3.231834 -118.7328
-20.64911 1.042727 -122.3672
10.01148 96.78758 69.11928
60.57288 76.84746 -66.24875
19.53142 26.59075 -79.16953
105.3207 24.78312 15.98994
49.0636 -43.31771 78.95041
85.55041 19.64002 -102.4568
-91.34614 -20.24034 22.9388
-103.4734 4.788643 8.05347
-68.19865 -46.17335 94.68445
11.9637 20.48909 -46.2401
-103.6411 -20.42735 -32.83949
5.223699 -1.795081 -93.99657
-27.8682 -81.39718 -50.03282
-69.75448 117.8573 25.28754
34.55395 -112.2604 -22.59741
60.38077 -1.40572 -67.25483
35.50071 1.016798 -72.91271
-10.73825 91.28388 -44.40216
12.13267 -45.46017 123.0359
47.75944 -121.2933 -47.05077
58.5928 41.06865 115.8261
94.46926 29.53384 -39.60213
104.7029 -60.64155 -42.32647
-119.9665 28.90578 -4.233057
-58.38704 96.68136 -50.67035
-105.4133 55.43958 18.32542
24.74313 -7.201482 81.07899
31.67402 -49.51836 101.1832
-20.8723 -26.37129 -45.71087
-91.66746 101.6068 8.36741
-110.8904 40.83544 -21.65392
-109.6455 86.78117 -3.998242
71.00949 -42.65521 -60.23141
30.60587 87.6796 -82.3551
-96.59158 -63.65282 -36.84274
16.44365 -14.99101 8.106863
-34.27491 -119.8573 46.96586
-98.44228 30.6412 -58.30256
14.31596 -127.2211 -51.06016
38.14502 52.98293 -59.01482
36.52327 88.11804 94.59837
-50.25287 -39.75377 30.27556
9.151983 -44.74778 -51.50197
3.443711 6.749719 -93.43464
-21.35125 -123.4413 -24.90786
-4.867975 -33.84419 73.35866
7.167526 -108.4686 15.70023
-76.03883 87.7488 23.51896
46.74992 108.4958 34.86972
36.13834 -61.83376 6.634036
87.94309 97.38532 11.99587
85.91068 -1.143904 -9.395403
46.77353 -2.669061 36.02371
14.41105 9.424366 -72.59223
-36.38693 -17.64075 -16.35252
-43.70164 -2.021263 -87.53925
-34.94552 12.3852 -67.98851
37.63652 60.5923 122.7873
-1.889631 -66.91415 -14.35509
7.618072 -20.87006 50.35064
-66.74715 -2.549799 -60.78386
-83.55116 -77.59126 -44.75797
81.55285 56.07181 -3.136099
-51.4398 43.73855 -36.55439
-4.974318 108.327 -29.15788
-64.44614 55.54049 89.17844
-64.72544 11.96838 -48.26591
-104.3981 87.13113 -38.3017
42.28481 93.09057 78.05585
-43.55467 -117.5356 -15.94415
-30.58605 -123.8969 27.64393
8.910384 -16.34207 94.58498
94.56361 85.02914 19.40265
17.93414 -24.15608 -86.2508
58.0266 96.72671 -24.64229
-39.87471 -118.5296 30.86606
-24.79308 78.71579 94.7409
-124.5371 34.35311 -16.73932
-46.45452 -81.10135 -55.24656
53.88821 -32.03022 -18.71032
-5.185896 -73.76835 33.68934
2.85433 -56.20515 47.89426
28.02725 -125.1422 -11.80466
-17.70636 70.14271 64.18972
-59.6467 -87.76483 22.98442
60.19651 -80.98616 -42.10273
28.50256 -86.54649 -68.48167
26.08988 21.63312 15.60647
67.27297 17.77328 -55.59214
60.50832 -7.972573 126.4733
34.75345 31.21512 28.55249
28.03804 101.3072 -81.46386
40.39108 -109.693 4.495642
103.9037 43.11511 -66.74084
-4.465528 -134.2304 -10.99391
52.42227 -15.75773 102.5726
-95.5544 23.89878 8.368856
-83.91209 62.8045 -76.29647
84.92279 -39.79008 18.58734
-21.07084 -51.23179 -20.82532
52.72653 11.03691 -128.5908
-127.3265 57.22672 -41.71902
-18.65272 -43.80828 -107.5423
8.396774 -12.27025 138.116
-18.59717 42.17791 49.50294
97.09827 80.39633 13.37233
34.08255 -46.19892 22.56856
-5.040307 104.6936 -25.26942
-58.75847 -78.86887 97.40901
-56.69344 -89.46021 26.7786
-50.87223 -121.184 -0.3939546
-112.156 12.7423 21.61781
67.23014 65.48486 -1.894205
7.045392 -62.45355 -30.412
100.9604 14.6362 20.54075
95.69106 -53.1069 5.918944
92.5187 -37.92567 -67.00421
-78.25552 32.12617 9.285811
-57.18337 51.44267 28.53006
85.91904 23.2017 -43.57264
20.30377 101.6206 -81.85703
58.10685 24.6395 -2.085768
14.28592 94.3773 16.13192
-16.6276 -83.92619 -92.08112
79.88541 -1.742161 2.305743
49.46171 -110.9673 -46.67614
-18.016 -60.68442 102.2047
-13.63061 -132.8289 -6.223896
38.16304 64.77405 124.7771
32.67329 -44.32336 100.4322
-111.8567 13.7057 15.21061
88.1926 64.22131 -83.28108
64.67577 -15.25018 28.62001
71.29537 -55.52226 3.964024
44.71399 -51.10944 55.79237
79.49413 13.89144 3.692935
49.23454 -50.39029 36.27381
-53.27876 86.55763 59.62632
59.35229 -111.4158 -1.791026
-76.28777 78.49025 49.6174
-21.63764 14.49237 23.36025
-12.6152 -43.75013 34.25413
101.1965 -52.11032 -44.46204
99.17428 54.54818 -77.0557
-107.1107 -40.20909 -48.04226
50.24815 -68.34727 -71.25533
-78.73083 91.90795 45.19315
-19.36084 16.53861 -29.93855
-120.242 -29.0337 -27.78611
-33.81069 -2.988843 -122.3344
-10.81355 -50.89473 -76.86112
-35.11137 -102.0266 90.35429
26.33279 52.98979 135.2504
4.594679 -4.393677 95.22324
-56.65916 -44.87 40.27784
60.48865 12.92308 127.0148
76.70108 -95.59991 -9.541083
-66.4642 26.76488 -90.12196
-51.66874 -7.644516 -87.10291
-28.13805 -44.28786 -87.38625
-42.18802 -3.507836 25.77507
-47.46185 -91.61437 31.00646
-8.631075 91.041 -18.96111
35.60962 -35.82943 97.42683
62.17569 -31.19028 90.35771
80.13686 19.05106 -104.9158
79.19867 39.99451 -84.27113
-61.06544 -107.4594 41.90609
-36.12936 40.01207 -28.89802
5.10611 55.76702 -6.895018
50.02605 -122.1635 -55.08484
16.57688 72.16186 -3.44654
-12.22848 -86.03252 71.10262
13.86963 -48.53104 -35.78776
-14.9524 27.0871 -62.07696
14.36706 31.01178 -51.5172
-38.75721 20.62809 111.9683
79.42084 89.57893 -22.0071
47.66216 -78.25535 -60.62492
-61.84878 63.22316 -14.19962
84.23716 62.29336 90.82307
-55.09743 -43.57049 -5.939172
91.62231 70.03157 -17.68467
47.4183 -19.93899 -121.4859
17.4856 -4.748341 4.921673
63.99899 3.460014 3.38889
37.20494 -113.9835 -18.25125
43.17916 21.12086 -46.4264
-66.76975 1.634138 24.74715
98.27773 42.88599 72.71942
-76.34144 89.50637 -0.2639599
53.73886 95.5284 -78.61934
-57.91363 11.9322 86.79644
33.93447 43.97624 14.72067
23.30011 65.93282 115.383
-41.06269 -35.12987 -94.51213
13.22868 83.11826 95.25256
15.06871 -19.73965 -65.68409
67.78823 -58.7513 22.3552
22.87058 -48.58029 -81.46975
42.71676 -114.502 -0.296914
-50.00263 -37.06062 112.1894
-29.63209 -85.45883 -46.1218
45.62038 27.10452 -120.768
-46.23105 34.82373 -15.88635
-65.56788 4.055081 -14.08677
38.351 -8.020703 128.9528
-40.93461 -30.22053 -115.9596
99.73891 -41.1434 -8.93591
85.50236 -41.77076 -40.1661
13.86315 -115.1882 -42.0638
53.85735 4.662063 104.8167
43.31571 -107.0009 -32.75574
72.70805 22.04115 113.1154
-4.892741 -41.98066 -76.37611
-94.99386 -42.73223 68.91781
52.63126 80.78809 99.98219
51.49951 98.33447 -78.44043
60.91039 35.29464 48.39915
90.75253 -50.17709 37.13865
26.25066 -21.87853 135.9576
-48.63767 -22.31356 -109.3843
-17.5634 -49.67946 -116.8038
-31.81807 -115.5059 71.61499
102.5153 -38.47515 -45.48211
-46.52943 -74.17372 112.8368
-11.39648 -49.91346 -86.6338
-47.88048 3.336427 -53.22234
-43.87797 -84.63335 20.0427
36.6098 13.70062 -2.933357
-99.69952 -44.91716 78.11993
91.00858 84.88367 -36.00278
-53.30847 -116.5567 25.93099
91.14061 7.638669 -88.98444
-57.20231 19.27199 -69.04266
-58.61086 -14.32312 -89.50716
29.41062 -50.30056 85.69072
64.29939 8.41486 79.0909
87.29058 97.68565 -2.452669
-72.05729 -46.31002 31.4993
17.94606 -93.52901 -49.75334
-8.194482 32.0946 73.08994
-81.72243 -55.12819 94.62537
88.86845 64.22823 12.02338
2.761789 74.70815 110.3627
-125.3095 -26.38086 -10.67505
-42.00125 -63.973 35.33577
26.39458 -110.54 -13.31188
59.54795 -13.35741 75.67206
43.21245 109.7124 18.06296
-47.80606 -0.6689487 33.48619
6.52665 -37.89364 17.95573
-51.08383 -6.294714 86.50201
-17.47446 25.43818 -14.61826
36.15709 -57.85451 -68.80461
97.83193 35.31271 -29.45011
102.479 -28.16355 13.4124
-27.60863 -67.68978 122.6564
78.44762 -18.76503 -83.52624
91.16235 29.7603 -24.20786
97.28279 -13.69297 17.00634
48.47533 96.34914 -29.99454
104.6504 54.83189 -3.696588
-32.23518 -37.01434 27.27148
68.24438 -33.13503 39.83458
-28.97557 -64.10835 111.8818
89.52624 -91.17532 13.53802
31.7161 45.36634 108.0529
-28.36928 -106.5495 58.88676
-62.44156 -109.9054 -15.75321
-86.94354 95.40788 -12.2532
91.30583 -44.53321 52.7512
87.73414 -58.95163 -32.98483
73.33262 -2.951059 45.84656
-30.19474 17.75236 52.34302
59.87198 -29.58182 -114.6266
-94.4463 31.11077 -26.45317
36.22211 1.963362 -28.84255
61.77531 -31.56989 -64.51588
10.5992 -33.43107 -110.3091
101.395 -33.48006 -32.85116
61.40001 -68.92471 -29.7377
65.77307 54.01854 -38.50718
35.10987 -9.73809 -7.209247
3.740741 -46.70643 -117.842
-60.87082 94.91803 38.81881
28.45057 25.75161 81.45798
-43.40668 -15.19943 30.17326
43.15149 49.79079 133.4815
-0.4720867 94.3541 -71.12546
72.18865 37.62122 8.116413
86.5752 -30.27975 -81.26751
47.74458 -31.41669 36.59809
32.74947 -54.42282 -114.3886
60.5719 -20.26741 69.71425
100.2961 47.70727 -31.67629
-81.86836 31.43745 19.25959
87.0187 -15.57307 90.95579
-22.08506 43.76831 -31.36139
-36.04202 101.4566 -38.98249
-37.93667 90.45721 -19.78851
58.37464 97.34597 -51.92669
-45.95591 19.29569 83.39413
-12.12518 -5.986509 -95.48125
40.30426 -47.92023 90.63206
-17.73393 41.35712 -46.33708
71.96164 18.67754 -13.50298
34.9026 57.0103 -9.596134
-39.75076 -14.91194 115.3958
19.81073 -114.5303 -19.46955
38.15496 40.58644 124.838
14.3839 -109.9926 -51.53499
32.99729 51.85109 -61.91067
-42.021 24.47035 35.88581
48.98615 -102.5644 -40.46708
17.16049 86.933 1.4913
-45.95826 26.86204 51.87127
-116.7736 67.98428 -44.47777
49.23972 -37.16669 106.5847
69.24852 27.84281 -13.80664
-42.22727 -75.71991 31.56436
34.46485 -29.96257 -71.38561
70.29013 19.14732 -2.773067
88.30492 -34.45763 20.50764
32.70998 -5.756787 -136.4045
-3.167773 2.061746 119.2775
45.0743 24.92425 120.2981
36.22681 -15.89054 109.3818
75.65811 98.90503 -28.12212
-124.0539 69.29942 -21.65427
60.28358 -81.07415 -70.9413
1.915345 68.0804 -76.30467
72.03848 94.41905 -63.28423
91.66525 24.19144 -16.24529
6.334653 -5.834942 131.5905
-47.54882 -22.17701 27.03614
-17.94843 -85.19952 110.6061
107.3286 36.92366 14.43726
47.16418 42.10527 118.8905
-110.3847 2.783707 10.88241
-64.83598 91.96684 -69.50598
104.0838 -82.58719 3.240997
-4.365206 -55.2424 -123.3568
-46.05961 -38.79528 90.69836
-23.5562 -70.56342 91.34576
62.50601 -82.68037 -8.577384
-103.1271 34.08304 24.25166
-76.61231 -50.53216 93.05653
-40.44912 -74.85611 -63.31647
28.07918 -97.39816 -96.10767
-118.7021 -30.72066 -35.02957
102.1245 53.40473 9.781997
60.70085 -39.48656 42.74565
-10.48662 -37.59394 -92.19802
87.12807 -5.094804 -90.86156
67.36891 24.02423 112.5991
-29.48644 -120.8013 62.88981
-25.43898 33.64338 -13.28326
-3.812568 95.35435 45.33772
-88.59991 -72.27739 31.51762
104.7886 50.67987 -28.18827
-24.00493 -79.68558 111.9342
20.78106 -39.52023 14.06065
69.58774 101.5918 -6.639041
24.23363 43.33377 -27.16726
-112.9696 32.36017 -57.48132
-18.06097 -129.2722 -12.15491
-10.74396 -90.83875 25.51388
80.74779 8.638343 -31.53725
82.8942 89.78214 19.24349
89.49831 -42.8422 11.3512
-103.0745 -49.00916 -19.46748
-62.8606 95.72282 33.14341
49.58581 -38.05482 -109.714
-21.89462 -72.77576 -84.32334
75.58018 30.45393 32.86874
4.660467 -107.1016 -83.11967
-104.24 -0.2592146 -38.28127
46.61752 40.64898 -107.4017
-115.2715 60.09326 -32.68995
-100.5951 -33.94753 -36.98892
60.41367 -22.16279 110.5751
59.8854 -7.888162 103.1048
39.61342 91.69257 21.99295
44.75371 87.925 -1.032498
24.83344 -127.4529 -38.71383
-66.19307 76.94376 -63.27405
51.85495 102.0494 -69.02213
-16.06203 72.64032 -52.42054
6.174677 -124.2281 -6.047179
-81.2197 78.6691 -44.52892
61.8744 -108.4641 2.600188
-71.8216 -5.30688 -4.872715
97.37746 -14.35386 23.74937
109.9293 41.82392 65.69537
78.58228 3.492844 -16.45002
28.63864 -49.19614 -27.49461
35.8376 -118.072 -1.042374
104.7632 -51.09675 -35.98332
3.810235 82.21277 -51.28287
-3.630342 -62.69261 105.6948
-87.36372 78.13403 19.80114
-26.25274 -29.82834 126.6872
-4.150084 -12.88061 -104.8167
96.83059 -24.24541 -51.26498
52.5817 -99.31099 -51.22138
22.94228 -47.55755 -11.96321
-42.76516 -50.39979 122.6267
-25.46054 15.86664 109.3845
16.70053 -50.46275 113.443
27.8221 -3.326113 -109.2579
86.63825 -1.342783 -89.3158
32.69147 65.61135 -52.43624
106.0161 19.21864 18.84482
57.92976 100.2859 -44.62276
85.58902 80.6297 -47.67064
-34.89197 76.5837 -23.59298
-51.88756 -80.03489 37.01359
41.24193 65.55466 -57.71765
46.44843 48.15506 132.1871
0.09002291 -52.49081 -68.90444
-28.4637 -50.28861 128.1655
54.90306 -10.36138 33.36275
39.47714 -40.63367 105.3045
-114.4572 -31.1526 -56.2962
61.40971 4.94056 -29.40542
-9.66156 8.013881 -25.79815
-65.41116 65.21832 -2.718909
-56.66797 63.68518 -93.75127
-17.04123 -128.8531 17.12427
22.85331 -9.719333 141.6227
1.718346 89.71136 -14.71676
73.33356 88.69103 -74.15831
-91.25531 -6.261322 -24.78539
94.88258 -19.92484 25.53721
-50.24428 -67.36156 107.8096
27.05452 -19.85208 20.1667
-18.07415 36.51352 -33.49771
77.18864 76.10653 59.92737
-93.00423 88.45323 -4.092797
28.23456 -27.57563 1.864657
-37.22831 -20.97092 -19.49901
26.91612 46.59475 20.16605
75.18861 -8.856466 48.63829
-30.99767 71.87257 -99.36038
85.25399 34.12964 24.92701
21.16123 -111.1492 -86.01283
58.7599 23.41551 -109.4259
7.700562 -119.9739 5.276439
-8.658582 -132.1946 -30.12996
-25.808 -35.0271 -109.8471
40.57769 -87.2491 -49.90483
-97.65955 72.83469 10.03028
-115.1021 22.05753 32.05135
-3.488291 -119.9134 0.4436346
-77.51961 91.99347 -48.68635
-102.0471 17.09247 26.94112
47.37054 1.950054 -35.36785
-100.9712 -55.48937 53.60326
63.06787 -61.64013 -70.6878
9.480086 77.5779 93.94198
-7.243264 -73.07826 -105.2209
-10.87566 -40.45652 -116.9062
65.73893 99.59684 -48.31618
95.88874 43.6353 18.41426
-36.3428 -23.25265 71.50579
91.29898 -50.11763 24.76649
53.8637 99.40202 -65.74719
-32.18671 -3.055763 59.70727
9.627134 -86.05504 21.51786
35.79588 25.34416 -105.2715
9.3816 62.15161 -113.9702
-68.31407 53.82666 -89.04474
-6.182367 -54.85791 -94.605
33.06237 75.06032 106.2685
-4.819843 -92.88111 52.82971
72.13964 16.01845 13.54291
58.27764 -46.38402 -82.35794
97.76599 75.26938 -26.65029
-20.88361 -23.73472 134.7512
-35.29762 -13.25921 -26.33345
105.5199 43.66656 21.47423
28.46067 90.97243 55.45373
-19.24745 -18.60713 -75.67311
-58.5317 -44.1086 91.82236
-48.11111 6.848814 -22.17297
13.79272 -28.30209 114.5487
43.31402 -28.57009 115.1644
-87.70925 41.37154 -17.05767
37.53293 56.82796 130.9251
-9.820603 27.44581 -101.316
42.62015 90.52094 -67.5886
-29.69197 -102.7194 0.9822971
-43.31106 -58.0327 -14.81572
51.44432 -29.13236 66.54128
28.4882 31.50217 -68.07018
-77.2899 46.80318 11.00552
19.35007 57.84983 5.858839
-7.658531 40.08937 125.6091
-20.9734 31.12626 -42.34713
-86.11887 45.44053 -39.68823
38.90707 20.45963 140.7366
87.67701 -30.29916 62.6073
36.04916 -5.149179 137.9527
-88.5639 -77.65404 44.19603
-138.2179 21.26474 0.311659
-79.73226 37.61292 -77.65702
43.82004 55.31668 133.3717
-28.0562 92.23472 34.92818
46.35505 -98.10371 -5.407928
-86.5502 100.8183 8.713449
-112.3729 -31.41394 -42.07203
-55.06966 -21.82367 94.37257
95.0077 -29.02571 -62.19667
33.06997 -55.72474 -101.1819
28.42052 8.74799 107.3126
85.05385 7.532444 -14.55671
-72.76408 -24.46325 -59.17906
-17.61715 48.94575 -93.01864
-13.38495 -77.97638 95.77739
29.12667 76.34541 -78.50159
-79.51157 21.93082 -40.99882
81.0751 38.34163 30.57707
73.34444 -29.26855 -3.754558
83.87934 35.98712 56.55585
84.52797 39.42445 -104.252
-69.4558 84.98596 16.80365
83.68752 62.26907 -14.07645
-22.11515 -1.732498 -63.42462
75.65032 8.490579 30.10751
-68.34336 10.86853 -70.51373
-30.15741 -34.71568 -12.53142
-62.01941 46.21682 -76.31656
-24.45474 63.41344 74.27544
43.94677 67.48399 61.48917
84.12312 -26.59533 55.69981
-46.49404 16.5298 -75.35992
-36.13433 -10.52732 -40.46649
98.95818 -65.31939 -13.72494
-50.66357 -43.90601 -74.71357
-76.63219 28.0519 -68.44318
7.351408 -47.54121 -96.12599
-82.67593 105.1401 32.85026
-58.83706 66.13531 -88.82754
-24.65265 -67.61784 103.5317
97.33066 40.19268 -69.11441
-23.63596 -38.15411 -80.49458
-70.62692 -85.16012 65.18609
38.5996 -39.23256 91.53156
-71.37237 89.77353 51.26035
-56.94081 42.08829 -19.02828
82.31997 13.41053 28.16282
85.05367 29.72182 -26.09413
-110.8432 -44.10782 -29.68774
-10.1649 -14.23795 19.79302
-18.5349 88.84386 -29.07131
74.96642 -22.91471 -85.52194
52.37091 39.2257 129.6272
73.77644 86.5014 -24.00412
-9.797296 91.64632 -15.46784
-30.29641 -119.2353 -18.17532
37.31059 -23.03635 -65.23083
-69.75382 -58.46978 86.25101
106.8348 8.842968 51.73549
-102.6027 60.19642 -50.76442
-11.47437 78.81034 12.56321
4.337745 -16.31715 142.0939
-115.9107 47.32402 -16.84325
-120.8635 5.950003 20.07597
51.59205 61.00301 111.7906
9.517585 -10.94241 -24.09081
-25.47861 -98.33517 -12.97284
12.87291 -101.5185 26.94585
71.33694 11.84504 119.349
93.45826 -35.99907 12.02528
96.4863 -22.16165 20.2793
-40.48415 -25.30926 118.0882
-0.8290181 -92.57256 -84.81338
42.96144 9.732361 -120.5784
-19.06798 70.95921 -94.56036
60.56998 -113.16 -38.52758
-71.33575 16.23527 30.4683
-78.70341 39.26918 -55.58626
9.871007 69.96765 -51.54415
-48.18785 32.11122 -52.89042
26.90108 -62.23371 -58.99791
56.69511 79.09634 -95.72978
-12.97206 48.67191 77.95651
-47.62415 92.85612 -50.01283
5.446175 -16.07032 -80.13725
95.20596 -40.79587 -26.24933
-17.8385 -82.88972 93.70948
26.34667 -10.93366 -115.825
3.993133 -13.30483 68.88682
89.70786 16.18565 -44.62736
-39.45199 -85.22271 -80.30149
-58.35921 46.0106 7.761652
26.92694 50.89245 128.8174
-68.80767 15.7488 -14.35757
-22.86299 43.82399 -42.8553
-54.79085 -24.88012 -91.4295
59.54301 47.86447 104.4053
-74.68961 -66.28086 94.66782
94.85126 12.86928 36.86234
-86.41811 61.63243 -31.10845
-96.22058 -3.631187 49.97692
103.3236 49.7995 71.40437
35.58708 -99.45951 9.330091
30.08125 -30.51553 -31.97111
36.94283 -27.21471 122.4552
-71.52033 87.38093 27.08983
93.12058 -72.70879 10.65984
2.812083 97.7618 -54.65928
-67.31589 -35.75059 5.657001
-32.66573 -65.9737 118.2223
37.29735 15.1944 15.51459
-64.72398 13.46966 -75.88706
-76.97653 16.23868 -28.93632
-59.95057 19.21545 -62.10685
96.5463 -41.12453 8.848534
-75.56337 21.04586 -5.326211
94.88533 -67.25079 12.28126
47.31109 -93.04601 -75.39835
-79.96996 -31.73188 35.33527
-13.44944 -38.78577 -81.55383
-47.54034 39.14048 -97.41416
67.53137 54.92045 -86.30161
-75.36195 -50.9128 100.3009
-7.813067 -91.05846 -70.48611
55.54212 64.28504 119.7659
36.95654 -12.97299 -124.5523
16.38921 53.64311 121.351
-20.85646 -105.1839 -77.34256
71.96915 -37.35152 59.70479
88.21345 85.57116 -20.39152
83.66024 -21.53945 -46.77271
-16.8531 -35.97958 5.374461
107.4375 4.061844 41.50753
44.34061 55.48106 115.791
17.84068 -62.87275 18.61731
50.81121 -14.00683 66.48891
-123.639 -34.1968 -44.4696
89.56418 -2.572998 -23.81702
54.55642 39.75772 112.5606
35.51104 36.19768 15.78399
-99.87047 -34.82274 67.35566
74.25488 -53.04122 -53.13395
-30.48755 78.22357 -78.10641
49.70384 -0.02998816 -80.4334
73.01946 -16.94225 0.6215584
-98.95534 -58.86927 0.5896135
38.58417 -78.98087 -114.559
-8.872416 77.01296 0.8080645
73.54582 -31.69353 -93.62517
82.81155 -48.9089 -38.21394
70.19064 10.37792 4.203701
-104.8575 -12.41366 9.437967
-46.23126 -74.8562 -63.46623
-15.57366 -78.65693 -26.1774
42.96585 -4.784921 4.03904
-50.67924 82.71932 31.59598
59.46618 67.36756 -74.21544
-6.857913 -42.06654 -100.7126
43.80441 92.8494 -75.7704
-44.43454 -14.92548 102.54
-116.2191 48.73897 -54.40079
-56.06926 100.9633 79.54693
8.843697 77.63058 -42.648
13.76026 -21.62516 -7.510777
23.12566 -19.47763 -119.7876
51.87672 -14.11915 119.5052
-85.26767 97.33784 -57.28762
53.77197 89.26152 -59.93199
42.74615 -13.84192 -101.4402
22.93093 -62.50877 -19.90566
107.9181 16.5362 21.32705
-32.62977 46.94426 49.36691
51.57813 87.252 55.89917
62.17233 57.46747 104.2668
-47.20039 -49.34912 -88.30685
-29.09391 6.35088 73.38623
-45.9546 78.91346 -67.18031
-110.0588 -59.69241 -3.63797
-9.459437 -29.8753 98.01356
44.69036 50.07699 17.6232
-47.55053 31.29624 -98.40555
-117.2263 -43.49822 -0.6836663
59.44632 -51.2382 -106.78
-124.3278 51.85271 -23.34732
-62.42227 88.556 74.46452
-83.60502 55.22445 -36.13859
-54.03885 -42.24917 79.95629
16.62875 -2.827537 57.00744
-115.2574 27.48325 18.81246
-123.0893 34.38434 -48.29764
53.112 -47.72035 -105.9203
4.181325 -51.13405 85.27437
58.25724 -16.96917 -75.81257
-12.47076 -117.4932 20.77764
-99.18352 33.47831 -63.33627
-19.58093 16.68383 124.8728
29.60767 -85.99741 28.09379
85.44089 91.16171 -43.59139
72.31769 -7.729212 -70.84602
45.72495 20.80199 -79.80835
40.91903 -70.04713 29.54377
-102.1601 81.17139 -37.33939
-11.2996 -71.07343 105.0585
-66.6248 39.28883 7.202679
-109.5198 -50.40833 -28.49312
-17.6397 -22.50538 50.35062
-31.30136 -99.4129 -73.00922
-42.0733 -36.48552 30.16171
-77.56821 -35.52132 -5.891954
63.40835 27.68776 124.6036
68.20099 93.99666 42.31165
-54.98576 -35.70678 -85.13677
-118.4587 -5.721656 16.55593
83.66711 92.04922 -11.61049
36.92326 -14.54883 132.9107
-19.78853 104.8429 -45.33042
-37.18052 4.681804 80.5126
90.55215 -70.45618 -8.606073
-3.058918 -47.1927 -73.65598
71.55314 -67.04829 22.32983
-89.54642 74.35567 -40.50149
19.92118 61.32509 -112.8742
53.62433 82.06575 -36.15313
83.18656 -21.49444 -86.66132
89.98277 -42.84417 -10.82693
-67.1353 -78.99867 80.64888
-72.68229 72.70306 -77.21613
57.99893 -15.36227 -135.6685
44.15689 78.08601 -93.57983
-125.8259 25.95057 6.839744
28.83596 -49.69056 95.98924
47.12841 -48.24111 -25.7004
-12.46257 53.09769 -111.6115
-49.3826 -63.95413 -69.6321
-72.15617 -22.96392 24.62021
11.41583 -131.3722 -33.61931
55.7317 -23.00794 15.75592
46.02234 35.28274 138.7294
25.99327 -83.88923 -108.5037
-86.05603 25.80528 -51.90245
84.4757 10.49303 -86.53555
-24.10604 -88.58386 103.1946
-10.93532 -34.54657 -87.45885
-116.653 67.15491 -17.15946
39.3003 64.47819 -37.84093
40.06808 -123.2697 -38.34138
-114.877 79.98788 -39.56667
90.18706 -16.59883 -28.93559
45.93661 -11.68648 -132.4
-114.751 21.32875 -47.29271
-16.74293 -10.22345 9.076092
-56.23042 20.64119 -45.155
98.22545 -35.57892 -58.59267
-46.62119 -109.3294 51.42893
64.54549 -30.62705 56.75214
77.76833 97.77827 17.81955
105.3397 40.7117 18.28992
-114.8397 -20.59161 -16.69
-15.82654 19.08407 25.27235
-29.42556 95.01932 -51.79398
-21.43367 39.47298 -14.52307
25.47537 -55.75076 -0.8807456
75.60559 27.50603 95.04317
-43.17747 97.96927 -66.74177
-47.37697 -115.4021 41.85208
-69.32541 28.14372 54.03249
-34.43285 -126.1871 59.06032
44.32609 26.99488 56.23035
90.18623 -75.234 16.75595
45.07341 -20.12924 -16.26262
-59.96835 -113.3544 27.52947
-57.55935 -79.47665 33.75088
30.50719 47.64409 -114.3489
-119.609 -19.96036 23.37691
43.06284 32.71285 103.9696
48.98894 -47.26991 66.43755
-12.73824 -50.00221 16.84094
57.40792 -19.29093 61.58229
92.61507 83.11653 -0.6992153
9.31277 -39.05554 -49.40707
-132.8041 -2.914306 2.478403
-41.87662 1.481253 -51.28325
6.265251 25.97635 41.95481
67.80888 59.93631 91.44746
63.44917 66.15483 100.9739
47.94512 78.02569 -36.32429
-91.54325 15.0446 33.27309
-14.73131 -22.48502 -62.32293
49.77725 -67.43179 -90.42615
31.2248 -115.0461 -11.65699
-39.64025 -29.56503 -99.83469
41.96246 70.38469 33.19125
23.87374 -42.95657 -49.53309
42.68597 -1.623125 -97.21491
-101.0939 54.18286 -38.44159
53.23088 -40.93346 35.31274
53.89647 5.201505 131.5792
-32.54643 -108.0334 51.22812
-68.77802 -65.82178 99.07433
39.82837 27.74776 75.44616
-86.70428 32.39705 -7.05146
41.21872 45.58143 137.4187
31.22081 2.467491 -86.09267
100.0311 -82.46103 -4.543668
27.44632 72.61055 -34.29726
97.0815 70.33109 4.976014
-58.38623 63.44479 9.842644
-12.43331 -97.10782 47.78784
0.7219207 -107.3917 -51.68088
50.52104 34.59951 -10.79004
7.461508 -108.8236 -59.6293
1.46531 39.99985 -56.18555
54.82159 -76.89989 23.11308
72.04785 -90.44387 21.04742
35.91228 -10.20624 -128.117
-23.08063 -87.80913 -64.65986
84.29472 6.871223 -97.6586
39.35727 -39.73336 111.2586
-59.64878 -110.9788 -2.816062
-80.77415 98.73647 8.259155
-74.06071 -10.0054 103.7535
-126.7647 0.5814819 12.40588
-2.976965 43.0169 -28.77523
82.51151 -14.36302 -92.46262
-77.6837 96.23395 30.86803
-91.06811 71.25051 -14.04712
52.04172 -48.67668 62.34808
-77.63655 17.28777 12.36548
-88.57627 88.73868 -2.05047
-113.4649 62.30994 -44.40084
-67.93271 -33.2222 2.220282
13.36755 -46.75768 -65.48469
67.16023 -12.35039 -100.5725
-20.76741 -93.82497 -90.27965
59.94639 88.05859 -84.258
57.0308 -22.85472 106.8038
85.1876 -57.70293 23.90867
55.26481 2.780203 -4.125406
-5.077679 -42.71152 31.14985
79.13399 -20.11974 13.26331
-38.74986 -80.47133 115.003
-29.64502 86.27067 -72.32673
102.9828 -9.102083 18.59426
-114.2722 81.43536 -15.17661
59.70967 21.6979 101.6168
10.03387 15.70518 -77.89254
83.48109 -8.564719 -0.4746155
-130.9773 44.05736 2.664792
99.50304 -30.35877 -39.29398
-56.11568 100.0223 -54.37087
49.35015 -55.81154 -40.6223
92.36575 -93.26093 5.099591
-49.63122 97.64856 74.65737
11.37243 -12.64254 88.34753
-69.88047 -100.2434 61.58401
-85.98663 2.306586 59.44157
45.54626 -46.30675 -96.30393
-54.39087 8.457453 -66.48986
-11.01951 24.76405 -9.407944
42.70842 41.72556 118.3255
21.78979 -118.9105 -73.33292
-86.54428 71.58355 -25.21404
50.07508 28.04046 -118.5424
81.5983 -44.13181 -6.319622
31.80618 5.661681 -89.4216
107.5814 16.9334 29.81813
86.84869 -14.77466 -64.06397
73.61057 11.02874 -118.0772
-14.2322 -68.10097 113.0741
14.08575 103.4649 -56.04985
26.7418 -22.54116 96.80171
102.7242 38.25388 35.75732
58.88244 0.6495368 117.7281
9.834842 37.27823 132.4216
65.53188 -18.11362 -5.950726
85.729 25.86765 -89.18426
-51.2284 -30.08995 51.37106
-93.8272 94.86232 13.82451
62.50066 -18.46738 52.52465
92.18277 56.04311 4.542873
-40.32175 91.52692 0.008973671
19.47329 -48.64373 -128.0334
94.20436 75.56763 -10.96737
88.67189 -26.56175 9.290402
67.97307 -7.580896 -48.57201
63.22387 54.74476 98.10059
41.80037 -66.374 -114.5624
-111.8774 2.653049 -52.33291
-11.33587 -59.2048 -16.88984
-30.16764 0.4651053 -88.56626
-4.561786 12.66966 56.79853
-60.41718 87.0017 -28.56752
-65.69103 100.7899 51.36849
-45.98343 98.37876 63.96664
18.26196 73.1594 50.35894
56.57611 105.8557 5.335137
52.64788 84.34889 27.14894
40.49036 -119.0261 -11.35205
16.49057 -32.81114 -35.39399
82.28713 -49.72832 -53.94387
43.29247 -48.26664 78.20033
-116.525 64.21801 -49.3568
95.35864 -41.73554 -35.11614
92.72359 -32.35884 7.28687
-10.65579 -113.8756 -73.32721
-100.9307 54.4193 -30.14174
93.0316 45.42841 -24.41868
63.29099 -20.08518 119.8631
38.36193 -118.8133 -21.99012
-57.49467 -89.09347 43.31977
6.847532 53.67847 -50.11517
-108.1716 39.67693 -65.21584
-32.9432 -53.81426 -99.87941
50.56113 -1.913144 9.159235
42.10059 2.55505 104.1685
-14.39969 -53.14991 -109.067
83.05411 -17.04888 -77.13935
25.66716 -81.22954 -35.52449
52.26748 85.18968 12.8129
-15.45917 12.24415 0.598496
4.888525 62.96777 -68.99956
-73.7166 -1.074293 101.6669
-63.69658 24.20525 82.88148
-83.52152 14.04216 -10.12714
-30.82222 -39.38449 -5.66792
-8.437314 7.574152 -35.7405
-58.10895 -118.5382 37.21716
-57.08921 74.4983 56.58998
50.54549 6.920972 -40.26735
-32.70072 1.000648 -10.40491
-77.62619 105.2322 51.16429
-82.49873 -43.28642 63.03208
-3.585794 -92.19814 29.46363
-73.97718 -28.50571 26.2907
55.29346 -21.55647 -18.18629
84.47372 89.12866 30.13079
-1.811962 -33.45243 -124.7356
55.06237 -70.7853 -0.6213997
-18.71764 -105.2423 -26.15015
106.7886 26.2771 23.45856
-29.08161 -57.79366 -33.45584
-16.5888 95.62808 -23.18416
-59.37553 8.999296 4.614645
29.66313 105.17 -51.43514
-19.27475 93.52557 7.280975
-140.1509 -0.4839239 0.6896867
-61.64225 9.818647 -16.37524
-7.488881 -37.1304 79.94793
82.30251 0.2662305 -1.712326
21.41141 -4.224026 -134.1045
29.10883 84.09177 -85.11486
87.98195 -46.3135 -37.15286
20.6153 -21.13881 99.68114
9.824533 -14.34533 105.1537
46.12434 33.83729 -120.0178
42.49207 76.69398 98.3572
-13.38585 -47.79633 -115.3863
73.61118 -41.89811 46.25402
5.871092 71.07635 -41.22508
-9.827584 -112.4746 35.08684
-121.5853 -10.91647 -40.51473
-74.77582 17.43642 -70.95276
61.06063 107.1517 26.1908
86.00662 8.033187 -102.5236
-7.915206 51.19262 -40.54802
-18.84008 -65.91561 98.7154
33.46277 77.47083 -95.46466
-71.30393 83.16678 -74.3697
-2.15341 -98.88682 13.01548
40.65516 99.95874 67.34492
86.87347 -46.8964 12.00005
9.560966 -120.635 0.9425821
-136.057 11.62079 5.759289
-104.3628 -19.57198 38.13148
69.4361 -30.22365 -60.25022
-20.71212 -129.498 -51.9303
-0.9421291 -126.0531 -10.30826
-122.8819 -22.69636 -14.13635
47.58074 -93.56908 -23.28445
58.2463 -13.39344 125.6726
-0.2692025 78.55077 -102.5023
-53.57849 -2.126439 41.75417
-91.24659 63.55755 -28.51064
98.62647 -13.50581 72.52263
103.3539 64.6981 -35.10719
-46.05597 -26.02 -97.11764
56.23793 94.01202 18.40968
37.32324 -29.90873 -50.07124
95.17724 25.04722 -29.21645
-3.301302 -74.75184 62.09042
24.98672 -47.05776 23.14932
-42.90251 10.61435 15.45825
-86.9065 96.78201 51.70202
53.48944 98.65569 -48.81079
-34.81082 -135.2202 21.68863
-28.05932 24.51049 -41.84436
-123.0906 -22.3991 -28.47696
-108.6485 66.55428 -31.19706
-72.1925 45.78868 25.71106
-38.40353 -115.7589 60.14663
69.83713 -88.46179 25.27066
-68.27763 36.38063 -54.1265
32.5243 -21.29144 135.1693
54.52087 33.61417 -121.3873
28.52026 43.88814 48.02333
-40.99492 99.82673 -43.52023
60.11396 -72.61268 13.86845
-80.30656 23.37514 -65.47739
-105.1902 42.35963 -27.43948
-46.68813 -6.842476 -23.44079
-119.3971 -0.575183 -46.46652
31.40092 67.72243 115.4817
84.75362 -48.59705 44.74599
76.42303 -3.566835 -85.96658
11.93735 -13.46462 -73.74415
-36.12041 24.8745 -90.25214
110.8782 26.26548 45.02443
-53.17641 89.11652 19.42308
4.117651 21.41336 -83.1555
-133.1289 12.05333 -0.8746746
80.64529 52.4692 -59.75197
18.95547 -0.4488283 -92.62429
-59.52899 -21.99009 -107.6618
34.88969 -104.2573 0.6800936
-29.92434 23.52341 74.85929
17.07345 0.02817542 125.8501
-44.58598 -12.78563 -23.32696
-116.2414 49.35265 -37.25666
73.27957 84.38659 13.12328
71.25426 29.06978 115.8534
35.95583 52.89223 128.216
-90.35971 45.25037 -76.18752
46.64531 96.06297 43.58646
52.45357 6.404634 -0.3256206
43.97475 102.0691 -67.85275
-49.42823 -28.68332 29.3293
-30.04033 -118.4799 26.04809
62.40132 51.34121 95.46104
-61.43086 26.37625 -26.33714
-39.46801 -74.64796 105.8253
118.6899 109.2424 -1.654515
43.37577 56.63299 -113.2865
-42.43573 54.22996 -90.09824
-112.0201 56.48479 -53.93138
-104.2566 -7.279445 -41.37618
-25.36475 -106.264 73.74664
63.04763 3.059807 -126.6206
-94.09292 55.75126 -70.28553
-79.03621 -65.08862 92.23122
18.49718 22.71445 -101.182
-72.60404 -103.9177 59.58232
-23.39501 -8.529122 -37.28218
63.53112 -71.31654 12.24306
42.01421 -7.568224 -125.8773
63.52474 -9.20175 -118.7528
-0.4019475 -37.68551 53.84926
25.74938 102.7599 61.44505
83.96487 -9.055993 47.79327
14.76945 62.55793 118.1689
5.622447 8.244027 146.5245
72.52843 -23.69011 31.41294
-74.47007 93.51389 25.6395
-60.90882 91.36679 48.64069
5.601604 64.28551 2.016629
-86.2322 70.26844 -60.03711
-34.88058 -22.06214 -9.355482
49.47887 65.32994 -64.09399
95.27763 -21.33072 11.19853
13.16036 -40.02955 -45.89852
20.42331 47.21406 -60.59292
-73.85757 61.97924 -24.31876
59.66001 67.4236 103.695
-50.15414 46.48903 29.74398
103.2337 40.55581 9.48388
-116.8044 67.85223 -23.32337
103.0522 -0.9153618 3.461797
54.50726 -103.4651 11.21739
-56.9834 -11.00657 -83.25149
28.63916 -110.0858 -55.51928
-27.8957 -65.92926 -25.25821
88.71086 -13.6389 72.20034
23.59622 -43.52869 76.94244
50.61791 -2.686266 134.5586
-56.37162 58.03778 -96.84343
61.91407 14.71581 12.96096
39.34337 9.572095 -128.7079
-79.22864 73.70476 -48.52312
-73.1796 -92.78793 59.78157
-43.46146 92.92737 -19.7368
-69.46844 -80.05629 90.97284
-99.58142 15.4844 -12.61014
-4.002833 -7.486993 65.79759
49.55643 12.70831 -121.2596
18.7166 83.09426 -80.10797
-85.08024 45.99952 -55.88634
-27.44626 20.6851 12.52654
54.0379 35.08453 -116.5364
22.78396 -106.9182 8.925235
21.37475 1.973672 91.62951
90.44542 74.99104 -30.51282
-104.0098 48.0698 -47.82701
6.033499 91.08875 70.5703
-116.7315 53.47145 -0.4538442
48.59901 -77.11509 -36.93076
-76.1496 -28.7122 12.79541
63.12148 49.92863 80.99498
-83.04579 -3.08561 -16.22771
-74.2833 40.4053 -30.75879
-100.0456 50.97604 -7.007513
15.06728 -29.55344 29.53013
82.55489 31.86354 -39.92814
57.18219 6.062322 53.83517
-58.63836 -114.6054 -1.012339
33.84456 26.59645 93.30251
-45.26234 -17.71707 97.761
-48.25556 6.088468 77.07933
-19.34525 9.846776 -61.11395
10.54878 50.63366 -50.26102
-41.38269 -15.59726 -127.8076
-85.73016 76.26467 -2.265775
107.396 32.57741 45.91761
15.4572 -55.60085 103.2589
43.95511 103.6348 -47.86626
29.65457 92.12016 -78.32632
38.79499 7.652642 122.9126
-7.187963 -107.9924 19.9146
-29.70016 -14.87212 -19.58444
27.07883 90.5991 75.55981
75.75343 2.334898 -105.0843
80.3338 100.3451 28.47769
14.93759 95.8722 -76.75527
-49.12133 21.90932 -49.63473
-52.91605 -110.8621 33.19893
-79.30395 25.168 -5.987836
-118.5742 -6.216773 -11.00165
91.92335 -14.19093 -71.11326
104.49 57.18718 21.21924
-4.072078 -85.60626 22.40974
-110.3759 89.89604 -14.86169
35.99562 -80.20449 -41.7093
-7.699358 -98.19135 31.15372
51.45951 34.48587 6.95514
48.62491 5.35505 -124.4816
-8.057995 -129.5203 -51.53127
-22.24659 -4.475931 134.3582
63.46962 -70.27108 32.31347
37.16491 -49.69804 71.53344
-103.7813 73.12412 -11.28654
-87.12981 52.4818 -30.61797
-55.06794 -52.87778 -58.84666
51.22171 58.92142 -100.1843
20.43207 59.75768 -40.86071
47.53531 31.30419 107.1585
-47.42129 -49.74473 116.5518
47.8044 16.81694 -6.771306
-118.7134 74.09974 -19.41933
15.21692 -128.0514 -30.537
-93.46295 81.51317 -33.40538
104.6849 48.15981 -0.9012507
39.92068 64.45945 114.6813
-100.3665 -37.13016 -65.24284
87.13175 -37.6945 32.89309
-46.46762 61.28863 -90.19926
-89.4468 18.62446 -3.984008
-56.041 -53.68129 -32.13202
-46.72375 56.93014 -5.075155
-118.371 -36.0462 -12.97985
-84.7879 104.755 13.09726
35.70752 -43.77697 -115.8798
-54.45108 36.11345 59.95636
-12.34763 -49.39404 127.9039
-37.15602 47.70725 -3.286629
18.22608 -25.52995 142.0412
-55.19196 -30.87317 100.0364
5.999116 -40.67325 -123.4335
-81.29928 28.02309 36.90995
32.2431 28.98816 139.9721
-100.5382 83.91619 -53.32703
2.154483 90.32375 76.14043
-5.202258 13.32413 -76.89037
80.97356 -25.76535 -2.050787
-75.77691 112.3078 57.05669
47.47469 48.84017 78.04774
22.86064 40.07486 -118.6435
-43.04937 69.80734 -1.739507
67.71321 76.54504 -8.763078
-68.44102 1.703976 107.2221
35.79784 97.21185 -67.40312
54.83173 28.32927 114.5213
-40.90305 -68.55906 -46.76211
-44.94091 44.18624 -42.35162
-9.144963 57.3999 2.223718
52.71272 -24.49502 118.6701
-76.04907 -16.08402 16.03058
27.98408 -37.35558 17.75833
50.07721 42.0782 -117.7393
48.38815 7.808082 110.4726
93.98517 -22.66692 -60.95072
-11.06641 0.2309789 56.65778
77.86544 -18.92784 90.24078
-25.54027 -45.12906 -106.5044
38.14475 -35.95517 -13.02156
-22.14439 -18.66065 -100.42
-47.73153 -5.093629 -92.25785
-95.8335 44.85506 -42.54452
69.538 -50.57513 -39.36478
107.3259 30.35623 58.06931
82.7566 -95.91181 14.24639
-22.7597 -99.69171 88.78825
-78.60771 -12.27729 -72.07105
63.50153 -109.7846 -2.539402
56.95798 38.60354 128.0389
-104.2142 71.21474 -24.5941
-23.79303 -117.5439 52.73829
10.12526 -103.041 -60.93478
15.23109 -54.10205 18.68206
11.85767 -37.57206 -66.3092
60.53493 -17.47415 101.0771
-19.9047 -105.3493 50.86301
97.9566 71.78614 -2.998004
45.44143 93.94691 -64.89201
-30.30479 16.64946 56.74205
45.01782 -115.8773 -3.908823
92.59337 -83.24268 21.45059
-44.35746 -44.45716 118.136
31.04301 -4.249566 -23.3136
-94.22882 76.66298 14.63111
-33.96391 94.61203 37.03954
77.42758 -17.74732 -50.48002
-72.72275 -97.65585 -25.38377
-12.83032 -28.5791 37.84044
108.7509 13.32253 43.32808
-50.77927 92.57101 70.04208
84.59737 -63.21533 -47.5088
-42.63227 25.8839 1.174126
-8.756794 -52.88313 34.1811
16.7014 -83.75114 27.81106
96.2203 -26.34695 18.79597
74.39198 51.19677 92.34178
-6.181895 69.65636 -44.19374
87.27049 -38.57406 22.01277
-3.354731 -52.25517 69.14785
-65.94108 82.33333 18.54655
-101.3834 -73.86124 24.31499
-6.845058 50.57865 35.67996
65.16585 -5.932375 -3.222812
-66.23699 -50.58231 -21.80817
51.26653 -9.40239 109.1493
45.18999 -23.59368 85.0924
-97.57603 -33.82188 22.88042
65.16531 -73.15534 19.61994
8.853928 -6.255089 -105.8789
71.71555 -0.5129833 66.0686
-12.09456 -90.6634 -50.65252
-82.58652 6.945179 1.362839
-26.36222 -64.70596 31.60601
-58.57632 91.81941 -38.42667
22.73172 -118.3185 -13.47524
-118.95 9.687658 3.512189
-102.2296 25.76747 -68.57436
-112.3537 74.75853 -35.54696
-111.4206 54.36522 -24.88052
-36.06529 48.21415 9.867956
-49.43111 -72.6929 29.03065
90.86539 80.15263 -39.55247
52.94718 14.88502 -95.5326
-84.29713 -75.83636 56.2756
-16.08816 44.31943 -59.90738
98.45074 -49.08595 -57.3592
-76.62512 52.95678 -35.23278
-24.67465 -116.3366 -11.64585
-101.3775 65.34204 -19.74792
-16.9576 9.934116 -80.93275
6.987231 -44.20004 -5.217478
-60.53876 76.85412 6.378655
-56.28164 41.19381 104.9865
62.73517 -31.57146 95.52936
44.63123 45.21807 129.5842
-29.97358 75.95113 -71.08697
63.65418 83.01577 73.24187
-88.28218 55.6316 -16.57425
-44.13037 -21.81357 105.4291
51.33611 -107.5362 -4.077794
23.55058 70.53159 -89.57802
18.4885 23.16381 -28.99665
73.73895 -48.92944 21.33253
73.35875 -28.71449 -16.91204
-78.79105 -15.10819 63.64531
-7.773439 -65.88683 -99.17419
-25.20648 -128.9297 -23.10896
101.8666 36.51162 12.41968
60.15178 26.87508 -113.4898
-21.95294 -62.13174 99.38448
-62.63194 104.7833 -54.17147
24.15964 10.87262 101.9957
-60.03135 -45.03402 115.4649
29.1955 -32.63826 127.512
-22.95992 -99.93746 69.3848
35.07065 -102.0741 4.439383
41.50522 39.61057 135.996
-119.7716 -7.11562 -38.74853
-88.14098 -68.47799 17.54486
4.994938 -15.19229 -64.60849
-109.9461 -50.44107 31.78345
8.108901 -44.53549 -120.3143
-115.442 -19.05985 -49.62878
-84.98161 -89.64702 34.33742
15.71696 -69.31831 31.84414
62.81598 76.06329 108.1108
-56.70854 20.85777 21.36938
-85.50071 33.04786 -50.37363
-63.69399 -96.00627 45.09317
63.30412 58.67564 92.05656
-13.88196 -89.61874 10.33214
26.71781 -69.79839 -38.4169
-25.38887 -17.21207 24.45749
0.6009581 -87.96529 -81.9834
89.56365 82.68693 -5.439369
-20.90883 36.06399 38.44652
-64.09998 95.4802 -3.923304
-16.9645 -136.8562 73.00175
-48.92934 71.4407 -6.55225
85.70419 -25.38791 -80.59809
87.76054 35.36755 -45.67061
86.56132 16.36993 98.25681
46.27587 -22.28348 19.63951
-9.353869 73.45719 -103.33
51.64334 -45.35286 80.52732
-75.49059 84.01855 34.24839
65.80988 -79.42753 -21.36326
-74.49743 78.50842 40.96318
-112.9431 20.80144 -1.297211
14.69931 -116.5823 7.535538
-99.51842 82.54947 -5.829894
65.74953 90.43922 87.98757
78.6729 82.37115 74.59251
43.19664 59.4089 21.87402
8.936542 -61.03913 -126.9983
-72.45169 91.063 -65.9325
62.48903 -4.922449 14.21184
-24.42748 98.50546 -22.93825
-123.154 74.00074 -27.64043
-98.08714 -10.32653 21.46149
-45.07318 -11.58127 -56.82169
-6.934171 -62.77561 -83.54207
99.89346 -9.148242 21.6367
-21.12555 7.208399 31.14025
-128.6569 17.99853 -17.1664
47.8442 83.95882 90.76099
72.90076 44.08173 -87.20171
45.81102 -9.570687 95.16779
60.30995 -25.56266 60.03695
-50.24393 -100.6595 30.95604
47.05767 0.04515114 125.7947
-0.07056366 38.52633 -113.9913
-98.75571 32.44695 -6.676781
-19.0207 -51.19988 -83.91705
-105.3437 92.69569 -10.07406
94.45052 43.8292 -53.63926
42.98801 -39.09907 14.63496
-92.56265 -61.81264 72.15512
-8.525571 75.77116 6.501141
-123.648 31.0226 -22.31122
-5.517716 -126.616 13.80038
-23.03193 -18.10158 2.236648
-121.0304 46.25251 2.165416
-4.114509 -96.57737 -70.03393
-38.98347 39.13111 61.90179
-57.78787 -48.70586 79.8962
54.33714 99.88423 -40.62439
-57.67041 -37.32089 31.10933
-30.45094 57.77346 30.6628
86.18396 58.71708 7.814896
-73.60515 97.4837 46.48103
39.98658 54.07719 118.8551
3.08847 87.59653 81.0125
64.97307 49.5717 107.5656
-2.428314 -77.93534 -91.43941
30.31459 -37.00858 -2.724833
-16.05273 -24.68722 27.27606
-56.8047 -19.1592 30.67861
79.71735 -68.90198 32.18404
-48.45399 79.23714 39.52526
99.11025 46.43136 -37.75248
55.93004 -32.14879 105.7876
107.4155 40.01577 47.30934
54.51412 90.78381 -79.06002
-21.94734 -75.49674 21.0209
-18.38467 89.79884 47.54422
96.26467 36.66822 79.15065
-55.79906 -13.38283 -17.84837
21.33766 -114.7492 -39.4181
51.32298 5.014277 84.51822
-41.68607 23.82987 46.64107
-34.22439 -24.33663 124.6373
-52.83587 79.22067 -3.993809
28.93491 -6.512763 141.9693
82.05555 44.16652 23.17936
-73.80418 78.0129 23.25656
44.63579 76.13428 52.47583
74.30229 107.1674 9.465776
56.8627 -33.72702 -67.49259
53.60599 0.8322243 112.9654
-57.1052 -43.9697 104.2195
38.4571 75.47764 15.20065
-60.43455 84.29806 -32.60551
-33.74332 -74.01948 -75.55464
96.8933 72.72234 -15.98601
84.07662 -32.48933 -66.40122
87.27972 67.34534 -2.678923
62.52425 -69.01591 38.91417
-49.65955 -89.60975 25.5238
-83.17074 36.19942 -53.74992
84.91479 25.59584 68.23615
4.159836 -79.62975 29.82392
107.6546 6.930387 59.61493
21.64917 -128.7744 -15.01806
-65.96147 109.3176 78.5153
-90.80468 100.9069 31.49306
31.09942 -89.11408 22.13922
-58.84816 97.49101 -67.48483
10.15474 -25.73893 -65.81641
-44.71729 88.90225 -84.40344
21.56096 105.8918 -37.21985
29.19089 -55.8528 -97.15487
-55.48712 0.4602012 -85.88528
-48.93053 -29.43028 -95.1761
-109.0029 33.64187 -45.48891
39.4377 13.76871 36.87236
-37.83004 -110.4872 59.47779
32.5106 -27.71119 -7.758011
-9.006371 -35.50837 -61.46563
-73.42141 17.95682 -22.03785
-57.24492 -19.44635 -86.3549
-9.866812 -38.41814 -113.6375
32.22275 -0.7347648 -90.79961
10.37863 -72.20011 -50.67048
-101.7856 0.3797004 35.48434
-45.48498 60.85084 -25.72557
-112.6237 -50.64748 -6.037243
88.13316 2.434229 -86.48817
-50.65861 -1.035631 31.58303
12.68156 -33.04747 135.4581
73.20042 9.188566 -109.6318
-64.06718 20.06915 1.379063
81.90005 -30.02475 67.6009
-79.02061 91.22821 31.58059
-74.4558 -60.24632 82.64876
59.21619 89.36557 85.48437
50.18701 89.44085 45.55306
110.8783 40.56218 45.89192
-46.87873 -27.16744 77.40517
92.15883 -39.03805 -11.96323
-25.55014 -43.78379 94.72944
-83.29086 63.59423 -27.27755
-81.78767 46.74538 -48.77637
42.01321 108.8967 39.94814
107.2313 29.06067 -10.46138
-16.2905 -119.0415 -14.70613
89.43188 84.50506 40.57112
48.00984 -42.86413 42.56841
3.788924 74.46025 -21.29874
61.87074 38.32521 -97.70166
-19.10073 104.577 -28.53007
-62.92037 46.23205 -27.95961
60.32098 -2.639309 124.2193
13.74614 77.28206 107.4123
92.06773 -2.96601 -61.92293
9.764495 65.18974 -95.96354
-58.51606 -24.09629 73.52018
-66.06036 4.402145 6.439577
71.90975 73.75015 82.62082
-73.08537 4.779601 -29.08767
-112.7874 -48.13039 12.7855
45.54141 89.51231 61.53747
31.37935 -42.08022 117.3046
69.90424 2.346311 -105.707
-27.87191 -29.92501 -106.9403
24.57821 -59.82934 -124.8027
-2.803011 54.95452 20.97068
56.4179 -63.87313 -60.63286
-116.4993 66.3746 -29.84707
9.675776 83.19144 66.1303
-53.27121 67.67208 15.13885
22.50149 78.92068 -104.2607
-68.66982 -57.94408 101.7715
-36.4687 24.28272 -41.59897
48.21428 13.3712 134.1243
42.79228 64.34003 99.36832
-126.3663 55.41047 -17.21718
-99.14024 -25.3916 54.88684
-3.297719 70.45818 14.09418
53.29309 -118.8681 -24.14388
-118.9508 32.40455 13.93644
-24.09791 -58.82078 59.0954
-44.08449 89.90105 -14.70127
30.58735 -51.65423 -6.504205
-53.14898 -121.0819 28.09192
-122.5768 23.84753 8.271103
56.01665 82.81337 83.82082
18.36803 -21.33514 -4.901596
-112.4156 51.03311 -7.135439
-6.277037 -71.90458 97.52432
96.94466 65.77545 -0.05143394
8.167969 2.580029 -54.76416
28.19612 10.39863 47.47377
4.872206 69.20273 75.43668
-70.72033 0.5429471 -68.1334
-68.89753 -43.03331 108.595
18.18891 -93.69184 -83.03671
17.13559 91.33366 10.8434
-23.24395 95.60432 60.55927
20.11324 -113.7978 7.217874
50.26012 15.55329 106.5635
74.57211 54.8483 -93.81973
44.29068 -65.81412 6.934197
5.833781 1.765795 -106.4883
-24.70104 94.20937 53.61143
68.48537 15.8049 61.30257
57.33738 -58.45998 -50.14795
53.43918 -18.15938 -32.87356
-110.7061 55.02023 -6.866853
-30.90973 -122.771 -11.10677
-122.1994 -31.01183 -11.88797
-59.35348 24.55247 67.44022
-38.70088 -96.32782 -74.5735
102.0968 -53.3192 -29.97488
-52.36777 -0.4001707 60.82257
-93.63549 102.2618 -43.6039
-15.12039 58.38257 -101.4689
-110.5817 -36.62995 23.39109
-2.172927 79.12258 -10.70258
103.0924 -19.51901 9.951018
-33.79118 -63.94178 -37.6942
17.31203 12.92594 -89.19206
-97.92779 -47.36323 21.48957
-109.6814 45.47181 -36.76783
25.50426 45.4724 -119.536
-57.46665 91.95704 28.91452
-11.02566 -76.42934 2.536094
-7.453499 -29.15657 -43.73894
80.38589 39.02661 -68.99798
13.95823 -46.59884 117.3407
86.97934 7.648583 -0.6763999
48.35896 90.412 40.14893
-61.78802 -11.1008 -64.0038
65.84955 -0.7174054 -59.57117
-19.79587 -61.18251 -93.71992
-21.82556 91.50922 54.72669
71.90755 -12.85699 -47.44455
57.17176 94.10625 -11.71532
-23.42334 -59.21818 105.0765
-72.21307 70.46264 -73.27266
-80.42869 -25.78624 -35.59374
33.74765 83.87611 65.02972
-35.76175 -89.22924 32.2943
-49.17625 -20.16718 -2.405794
89.58614 -39.37518 -82.33562
74.92587 85.14497 -77.17278
93.05804 21.83574 -46.31751
-37.15589 -93.55368 -62.66444
53.40888 -6.527617 129.6881
-30.32487 39.20676 -59.23018
46.82395 84.06441 107.2035
65.18388 -66.05228 19.40792
-124.3559 58.31504 -32.67086
59.01095 6.7246 75.2635
24.37737 -30.17809 46.93113
-81.02016 4.654264 15.27704
89.95713 -25.47519 -12.07792
91.63134 27.69046 80.25696
79.72949 12.85464 11.34568
-15.5787 -69.88787 -94.43803
90.51865 -38.04726 17.99252
24.54773 85.23093 8.420427
13.73936 -1.035974 -96.57443
23.8154 68.61909 117.8846
-40.29859 8.695614 87.62067
-77.54248 66.71365 -15.83799
25.14692 32.12795 49.96597
-47.06902 31.06319 -36.24655
40.92033 48.21223 126.1063
-56.98117 20.6147 7.586552
6.564904 -103.5452 34.92731
28.21148 -50.61665 39.27808
-71.1156 24.20432 -36.05578
-97.47033 72.84913 -26.7993
58.78053 52.78792 114.3747
60.95468 20.20256 -123.0394
-70.84589 24.2709 31.69725
-43.50203 94.36703 -60.42743
93.33998 49.62761 9.196959
-123.39 45.58757 5.312826
14.79358 71.15094 12.10445
-5.136929 -52.04871 53.38142
28.18507 36.01312 138.3525
19.11511 26.97803 -58.37669
-26.96728 55.23407 -6.595158
-16.61555 3.492713 -41.69683
84.02708 -27.59768 44.02766
-21.04531 15.64847 16.62935
-72.94476 -10.17149 -12.28858
-25.1144 -80.50248 -82.54012
58.19799 -2.80021 132.7028
84.19086 -29.31446 -6.836422
94.28068 -75.34064 26.07479
97.17595 23.23605 29.16026
0.2436711 -115.3147 -54.80434
96.42575 87.07196 -21.35953
61.23772 12.26751 -115.7709
-87.15923 -51.96166 68.67557
-20.2829 -26.95355 10.02735
36.29984 -127.1362 -41.29269
68.55679 96.32372 -40.83969
-108.571 13.37233 29.39503
-64.11173 0.2900446 76.03161
4.875829 74.36205 -97.67544
-41.74715 -68.95029 118.5115
-70.99194 69.02898 26.26722
-17.50328 -65.21814 115.4668
-122.6986 49.60796 -37.32262
-33.03814 87.35098 -4.816586
-97.18197 74.01254 -53.53091
-89.46171 105.2704 27.0673
-1.73839 -55.65266 36.51146
61.11104 50.12506 12.42976
100.0822 21.31859 34.01174
23.02362 -13.42963 -80.94314
37.1404 0.7107472 139.5477
51.79824 1.33715 123.5441
-119.123 20.51054 -53.67859
42.68008 -87.0415 17.18808
-63.55978 -18.37757 -84.73063
8.291884 -59.62492 49.78362
-111.672 -24.71193 17.43877
-133.7271 6.909971 -15.86811
86.92638 49.24199 13.17595
67.4948 -72.50329 -1.861129
22.88476 18.83595 139.9764
24.87996 -129.4463 -33.48918
85.01266 16.05117 68.02397
84.61767 -46.79241 17.36784
-8.376514 -14.99894 -87.87349
-72.81042 89.59577 32.86723
-103.3472 -74.18986 5.969568
-27.58697 56.44308 53.51779
60.27044 9.633785 -12.34648
100.7071 39.48989 -62.82049
54.02762 -4.42759 -134.1091
-51.13548 62.75667 34.15247
-54.15225 -6.390008 -81.65842
-15.32779 -3.853107 -25.80659
22.27636 -51.78486 -37.32241
-30.74467 -130.3407 15.67413
-59.92486 -77.11929 24.58317
-19.72577 -9.686878 134.623
79.98505 -12.24493 15.08601
-34.61119 -48.66163 123.908
43.97797 4.515763 138.2538
-29.93452 -122.9793 24.24312
86.71651 67.63502 -72.0407
-126.8623 52.53497 -39.53714
49.78798 10.7351 -97.81384
-10.66947 -52.15707 107.4005
98.85007 -25.69066 43.39715
87.63087 -43.31808 7.357966
-13.43596 -122.1535 -65.61166
63.95689 -54.84554 19.98693
102.3299 57.55922 35.70543
85.60979 99.83623 -14.15846
-65.90384 76.73814 -9.701592
17.46149 19.26971 79.5489
-57.81355 48.76986 89.79628
21.19493 -10.24581 -41.12337
56.43742 -69.14743 -106.0048
-10.22579 106.2847 -57.76932
112.6511 16.35826 1.603849
-39.99832 13.19917 -90.65534
42.68115 54.93023 -100.4517
10.39495 -117.9865 -32.92156
-36.90199 19.86204 94.6582
29.12993 1.369103 -122.0253
-72.19878 80.59628 27.38014
-47.32917 -38.25755 -44.5424
21.12297 93.04446 74.30441
-14.13446 98.22336 45.89672
-34.71204 -35.71361 -88.2595
18.16838 64.38914 -10.8448
-100.1598 -75.85182 16.94841
32.98966 -51.81431 18.20881
94.36817 35.49039 21.8475
-76.37917 89.47427 -53.34395
-62.84621 9.494795 69.32029
63.66206 -75.92857 2.201135
-40.24871 94.0402 -26.90439
66.26442 17.98027 36.80188
-53.0612 -61.95638 -57.80382
-78.45564 -64.77576 81.4784
75.68517 -37.21817 -98.48214
-42.16545 82.09182 8.416341
-11.88902 -93.06763 -90.60494
74.14588 26.06514 40.65401
-2.61196 -22.79871 -108.7419
57.0299 -24.00535 68.14922
30.88444 20.41453 -30.86898
42.89833 -4.744514 -130.0026
68.34695 83.66832 70.18919
79.09055 -33.9963 0.8401836
35.65558 -14.80137 137.7651
42.44198 18.69302 6.384729
-10.54212 80.17551 -84.09879
100.1226 38.60314 -49.29469
-14.36494 -122.8821 -48.63518
-70.54024 32.80986 -46.8512
-92.39335 65.24659 -1.378687
99.45456 -44.82769 22.51254
39.37357 -100.3751 0.2117531
50.75667 -4.002838 42.44134
-27.83731 75.07744 -98.99961
-102.8242 50.66507 -56.49815
19.11648 101.2852 -53.1373
-89.81671 -77.57644 24.30273
27.60967 96.91341 32.18548
53.39827 49.26356 -113.8577
-5.850348 99.90588 -66.29387
36.67342 82.84322 4.189784
-3.862261 -17.8648 -3.356537
1.790935 32.32581 -60.28666
21.61793 82.40197 101.173
-54.18855 91.82533 -37.92777
46.01525 -72.56447 -27.1302
-23.31668 87.04055 39.44347
-80.59069 81.34788 -56.10413
41.38021 89.11622 -14.95666
30.86837 -120.0628 -65.88095
21.63453 -68.23186 65.93024
4.612345 -71.97456 69.63638
30.45521 70.7281 4.606113
53.60281 -26.13143 93.03793
12.25461 -25.21235 95.43146
-107.6244 0.4164539 14.42747
57.02234 -118.0551 -27.42673
-21.11424 -47.22011 126.3146
11.5467 35.51115 33.03252
48.3535 -77.03987 -99.60031
95.90276 -28.9903 -53.35394
-113.2768 41.31415 -48.81921
52.40815 -38.90776 -104.1292
-86.82636 -41.21576 27.03673
-20.98424 -132.1952 -45.06161
30.86673 -41.91159 -99.86452
29.73982 -116.8773 -37.7576
48.15322 -37.08112 100.1134
-4.903874 37.12337 64.62791
-22.58611 -23.84101 5.209505
75.51775 -87.24327 -4.940194
-87.05937 28.13558 24.63279
19.43044 8.203104 137.602
5.5189 43.19888 -52.05717
10.54755 -48.50169 -79.00426
23.36765 -27.55703 -125.3837
-39.46312 -36.3685 34.53853
-31.06549 66.6714 -91.90075
-43.03634 -69.38645 106.0804
52.02966 -3.432349 -31.26103
-86.5868 83.88944 4.055579
112.2372 -10.29675 13.04815
-3.268529 -45.84397 8.582363
-65.23312 90.20609 -4.555286
74.59765 -51.14497 -42.50296
72.00099 -49.90967 29.75277
-36.14569 -44.12229 -97.52621
-9.12671 56.19345 85.36811
1.128854 -24.75374 12.69282
-98.3658 74.02454 -5.27759
73.29755 64.64247 -99.88612
74.16984 6.795235 112.9719
-81.1448 -61.05308 71.34863
-68.28786 102.9225 43.72339
47.54007 100.8633 -62.55398
54.92054 69.6909 -103.4698
101.7578 -41.5672 -51.92642
100.2776 64.25787 -27.05615
-3.383988 -42.14824 34.91488
-76.53857 27.74746 -45.8172
-52.84662 -8.532833 -19.01133
43.69676 -2.272392 138.4863
1.83243 -8.052794 139.0011
-104.1553 70.44553 -47.55242
13.94862 15.0898 -90.33669
-24.44798 43.09667 42.77195
27.26884 83.24288 91.36092
-15.54336 -136.0625 -29.8562
-87.26542 -48.34564 89.454
58.79702 105.1757 49.07458
31.18118 -47.91792 -52.50547
33.74042 -125.2344 -53.79682
-53.03069 96.39474 60.08691
-52.87351 88.51698 -65.17877
81.62154 -10.50288 -76.54565
2.480452 4.050547 143.037
12.16653 -50.07218 -90.86879
64.58526 -16.63315 5.154217
-89.06861 12.32025 24.53896
23.6578 -16.93808 75.10339
35.57315 73.34776 -61.07966
-18.51523 -0.583074 -70.07601
-24.29453 -127.6153 40.11452
-22.92545 -80.78638 -42.21525
-72.78047 98.56613 -61.75371
80.72522 -49.02743 22.23216
74.26366 -30.87224 12.77901
97.51833 1.543517 16.90828
57.61371 14.058 94.84209
50.60307 -18.82703 125.6612
-66.63323 -104.6747 63.9331
32.8178 99.0178 4.026097
-9.274464 -34.18296 96.77755
-15.02614 -85.93054 107.2829
14.11248 -17.34179 15.20642
-55.38173 -29.71029 -7.46855
-111.3023 -54.88742 -8.04694
-19.72023 74.02762 -62.91804
68.51051 69.17207 17.6774
-78.18358 -100.2827 36.82758
14.30948 10.13826 -47.14779
13.4606 -114.1081 -78.98027
43.37899 -66.50108 -37.15592
73.53828 -11.36802 23.51007
-71.33248 25.37422 -49.2072
3.278448 -41.21361 -2.189413
-43.90055 -18.45164 51.42849
-77.75635 5.45282 -10.53875
44.9206 -29.67169 0.3131977
-69.51183 6.031588 59.60942
13.99345 -66.70563 40.72763
-12.97146 36.98562 -1.895576
59.00638 -5.761138 -125.0084
-67.20875 -66.31491 -76.78938
-105.3299 -69.2576 12.37236
48.2069 -62.68772 32.3623
-114.6531 22.28857 -57.68201
38.10096 53.4889 -69.49525
97.1199 -55.81384 -42.03621
-94.41493 -51.74614 -43.0321
44.4794 -29.01144 81.53593
48.75906 -87.97987 5.363839
71.69997 -26.82472 -80.3351
51.50034 22.55998 132.7898
-5.339295 -104.6078 22.73986
-61.78451 -103.732 51.55203
56.01141 -13.80218 111.3644
-57.07117 86.49355 4.539979
-26.52927 -27.17041 -36.46761
98.60853 5.98054 56.00834
-22.70794 88.66859 85.63651
-6.978873 85.92435 -93.69673
-65.29295 -19.7078 -60.90242
-69.89671 -15.67295 12.43098
45.52731 -116.0101 -39.40553
68.31207 49.65812 -107.2713
-135.1485 22.01165 -5.101241
-54.1839 71.84695 -0.3181376
88.57643 57.45434 -87.18751
28.96925 89.88197 98.17892
47.48173 -48.90757 -106.2384
-59.19059 -64.44512 108.0129
2.98775 41.1099 -48.71112
-2.89798 -126.7045 4.404421
97.87379 54.53665 60.64821
-115.585 50.13773 -48.2031
-120.5574 18.37965 -24.59019
-129.6631 52.00783 -3.77057
-71.32493 18.19657 -3.487167
-57.45569 -5.754867 -87.86314
60.45524 -103.0876 5.822233
78.01474 -45.97919 61.42513
-15.15748 -24.61248 -108.6581
67.93269 -82.88766 28.63817
65.41422 88.82777 31.38185
-9.021667 -124.4404 10.58488
-17.65855 69.8735 29.26494
-39.65286 92.3443 81.76766
-41.00222 -50.34988 -5.899201
-15.02525 -45.60418 -118.2431
50.27966 9.374018 43.69614
44.34487 -46.78331 -102.13
-56.92818 4.403173 107.6652
71.10898 -77.46973 15.62541
-24.05563 -74.47881 104.2294
-13.0829 78.45637 -43.21748
18.00251 108.1656 -67.54034
-11.35622 -97.20135 86.1541
-24.91005 -104.4618 -74.59949
-48.72631 18.31694 -13.29329
-14.65142 -16.4991 30.18341
-100.9998 -47.77855 55.90508
-86.68227 0.8719071 53.00972
-66.99709 -98.8358 53.46486
54.69322 107.4131 20.38194
4.489171 -44.17021 -106.0304
-52.76173 -19.97354 25.15315
79.85574 -52.02259 11.95051
86.63587 -18.20667 33.51096
4.848341 -7.94933 115.1272
-47.1111 10.48833 38.05235
21.17659 -16.47347 139.2077
-6.022146 75.10551 82.86385
106.4731 40.38935 27.33832
-44.55204 -73.87875 106.138
23.13848 -59.67743 -49.47019
63.74363 -31.53146 -4.225935
-2.726818 -30.86562 136.0853
76.41854 -2.381325 -109.1718
-92.28621 -29.36556 66.80804
-49.3493 -77.86456 -63.38204
22.7188 -3.461304 8.116904
45.9081 -9.904633 -126.0536
-5.424707 31.72699 -20.31193
-16.73069 -21.51768 -70.43489
48.89232 -67.0678 -96.8381
-48.73429 -5.649879 4.783912
44.45367 -120.5287 -15.73369
-60.58608 -52.45132 23.28561
-118.6045 -37.02346 -26.77833
-19.94443 -16.14398 -95.56754
11.55463 67.27092 114.7706
66.21564 -37.91948 47.64909
108.1103 33.11428 22.82172
-42.70827 85.14492 92.74969
77.85383 99.55603 7.672993
-60.65841 87.49194 19.01188
84.37371 -36.85215 -31.9875
-95.81298 -65.08662 -25.77062
-10.77757 -9.570834 25.72527
92.72982 54.5506 -87.24519
20.1286 -53.01014 -15.81015
97.50818 -35.79061 -31.55652
76.51052 102.6124 -5.239067
51.15292 99.10863 -38.95689
8.731171 -123.0391 -18.66287
43.65283 -12.40072 15.72894
-104.579 59.98972 -41.61394
-46.91705 77.97374 -85.34571
-83.83018 -32.81523 37.72423
90.33941 42.67365 94.9075
-1.043269 -3.942036 -81.28966
75.03437 73.90599 93.56939
33.33992 48.59351 132.2577
-73.91261 91.45629 -39.05246
-63.35468 80.00333 -50.89016
-116.4978 29.42118 -45.13289
37.32263 95.76939 45.10581
30.9019 38.62158 96.28986
104.4215 -15.27968 21.97077
21.85754 -53.69294 44.25006
-65.4744 14.4057 20.52122
23.39616 15.58317 -89.83212
-129.2746 2.195226 7.695331
68.82526 -18.22748 109.4819
102.6728 33.10205 16.41254
27.37062 -6.892727 -7.255
-82.59977 7.731315 47.26492
63.91017 -0.7552138 116.4585
-88.13108 -32.52758 26.36481
68.1872 -40.46994 -93.10593
-23.76498 -65.9966 114.6322
62.3259 -2.34146 68.26154
-58.95817 -13.07112 115.4697
70.09752 56.80878 108.7804
-16.27344 -34.31007 -20.71288
-85.57758 -5.955964 9.800425
-0.9295925 -46.72709 29.74895
74.17384 3.197533 103.3233
-15.33563 -110.4669 35.53619
41.92807 98.98743 5.923844
28.15754 60.29482 -106.1596
48.85015 53.98328 109.6288
27.61827 15.89988 42.53864
30.5056 -28.2467 -131.3157
-49.8487 -8.981842 80.38651
8.878325 -8.36447 108.3076
-77.1156 86.20168 71.10284
51.00469 72.99174 15.77628
-2.955304 -98.27632 -0.8238601
-5.853057 0.1336984 3.956908
59.67207 -3.262017 -46.42189
65.02809 68.06097 -81.01826
31.87913 -45.65927 -129.8573
-24.46654 -68.76545 99.93002
40.1689 34.81507 11.13328
69.05785 93.84379 -19.65255
11.3553 70.32076 -110.4948
-96.58891 12.21771 34.51708
-117.6758 86.01124 -36.41177
-13.40232 -18.35384 -106.0881
-29.52888 -42.06015 -20.23775
24.19607 -96.15074 -43.31087
94.33331 -50.31857 -19.23207
-63.38086 40.26159 -44.83947
-82.36371 -82.39273 64.10153
60.37133 -95.33395 13.33517
78.62081 21.68727 -21.002
6.992971 -80.32279 -29.70184
-79.66235 60.0486 -81.06973
-59.5136 -49.09043 105.0529
-70.57891 -24.37452 -74.23515
30.37922 56.322 -5.587688
23.32451 89.52103 58.12981
97.79058 61.68561 -17.65665
-15.90792 96.45132 -54.87918
43.37942 79.29107 -74.28496
-96.50759 44.92809 -21.75549
25.21056 52.04877 38.14411
67.34418 12.43343 -114.5823
-29.64944 44.25875 32.25551
-101.268 57.27256 -62.84024
-4.456847 -81.14703 46.78547
31.58681 103.4833 -29.39498
-86.86957 95.39817 16.56592
-83.12621 82.67497 -67.12304
-66.43365 -59.67609 98.28355
-39.35566 -22.7981 -98.08816
100.6454 51.78635 66.90919
63.57061 79.80787 67.09652
79.56834 -50.34605 -66.24413
11.2133 -40.69218 128.6662
-64.99378 -75.40012 86.15954
94.08043 -20.01718 -40.9815
-99.798 -49.17105 62.51736
1.746767 57.4793 -109.8558
-11.74192 -111.1214 24.61508
9.912555 -4.174099 107.2878
-17.94617 89.8631 41.48989
62.74203 83.00301 16.29024
-76.328 9.117757 -52.10918
-43.53372 57.40455 -102.9306
-49.83425 84.66661 -64.95697
-57.37627 88.58765 37.58923
40.97725 -4.718226 105.9754
-51.97497 11.60173 -78.59293
-108.5399 59.79342 -36.20669
97.96659 -27.12135 -42.51434
-49.36947 2.394905 -89.66484
64.78671 16.77934 122.9838
49.88467 45.07307 -17.99953
18.30604 -61.67947 57.41029
28.76668 5.442313 59.06995
1.962735 -25.54373 -103.1152
-64.78168 -36.15147 93.58055
9.439598 83.62292 -86.46487
2.113907 5.414162 -78.7164
-1.242081 13.22257 -57.0537
-6.213741 -53.78205 118.3024
-10.57496 57.92531 -103.9044
-59.69513 44.51163 -46.7068
-94.98488 1.416041 14.25524
-24.14685 96.79601 -26.69609
11.1706 62.64642 88.74995
34.26086 -36.81766 120.9191
-28.75733 39.33619 3.708435
109.9924 45.33301 53.78713
45.77715 -13.60984 69.6507
46.61099 -41.5527 97.97881
-118.4364 -27.84027 -58.6293
78.21492 91.74477 -28.82106
-8.391754 -84.47209 24.40254
40.98111 -10.3131 -16.88713
47.36207 -97.12522 -45.46803
-68.93542 -14.40649 5.198175
-122.5736 -27.53624 -21.36179
-26.87051 -94.30257 100.4821
4.387259 14.19562 138.462
-90.8598 89.51029 -46.563
-114.3567 -50.94387 1.613901
48.08378 -18.44711 121.5163
-14.43382 -101.6093 52.59509
38.00143 26.9626 131.4969
27.40746 -46.2997 70.57615
-2.205252 -30.48165 112.0294
5.533628 -105.9547 -50.16577
15.60643 -132.9081 -54.19102
-56.77345 92.32436 34.88166
-31.75994 88.8166 -38.4125
-16.82591 48.01662 -57.38564
-22.11109 31.44378 47.19205
62.16128 84.55225 89.63273
-76.48587 16.85786 21.38906
-24.37247 -15.02186 -4.660166
-88.85934 43.49541 9.452542
-108.1837 45.7561 -30.14328
-83.63096 82.24624 -16.82525
37.72744 57.98685 -113.7471
-34.49918 93.59009 28.11544
56.54816 -34.19956 11.01697
65.94415 -0.1765081 125.8085
-71.21879 48.50479 -17.83398
62.3392 60.67962 84.75985
-102.5796 36.33931 4.371042
81.34457 52.68382 94.5517
7.820223 -57.06635 -116.424
-5.658941 92.60435 -47.83231
1.177357 -37.45111 2.697949
17.99822 92.3379 -90.85761
16.98488 -6.931354 116.9713
-59.96166 33.52859 -80.31715
-15.70363 -43.52369 -114.6918
-77.7826 81.48247 60.80324
-55.54444 73.33421 -91.30815
92.35309 61.05869 -7.00131
22.14318 -40.83212 124.1376
-59.1687 49.02776 -94.48418
28.2055 -61.79028 -127.3429
-30.9248 -8.912881 -91.59568
4.896263 -58.07322 98.81821
-33.83906 -86.48893 -86.56328
-123.3278 -1.030034 -32.26521
-113.0142 7.971484 24.75537
49.11234 -46.05357 85.1385
71.8861 -14.52571 -85.31113
-63.534 40.98549 -10.82703
80.22601 50.27406 -103.0446
-67.14865 97.91243 52.32282
21.66456 -26.78928 136.0874
-72.08129 -29.44285 115.3612
-18.85598 64.15845 10.87416
20.37339 -33.0232 21.30376
-92.60799 96.74512 10.92625
-34.46028 -4.080882 -40.81042
26.53142 -23.90298 -42.85984
-14.38036 -81.61198 42.54764
15.34624 59.95488 22.28876
-29.2253 -83.31501 110.4959
-70.07832 12.21153 -27.64298
60.82661 -96.19118 16.63587
-29.93412 81.41167 -1.522192
64.90722 9.990459 71.05488
-72.64204 -7.98129 59.12567
-17.7384 5.835752 55.34953
-0.3931091 69.65228 70.12459
62.81139 -38.01062 22.56007
50.70904 -14.05759 -130.3414
67.9707 -23.18236 -21.73017
26.96451 -3.745789 -98.46072
38.47815 -9.629394 -25.11552
-12.77502 -72.11949 -53.30414
56.65128 68.92198 115.648
-4.455976 19.46943 40.57331
40.94453 -31.72295 13.64237
1.469355 -34.57942 -90.31326
-69.35677 79.05931 -77.62273
-39.93251 -106.6783 -13.45466
40.91169 10.91368 -114.131
36.76178 -16.14861 -13.67477
-48.23257 60.20107 -100.3281
101.1348 39.35443 -43.18359
-85.71114 89.74245 0.8054261
-56.33319 87.78573 22.05092
-120.2721 -11.01354 14.48808
23.84238 -35.63875 -75.79295
3.078942 92.2482 -9.605049
89.47751 50.27216 -94.71371
12.94611 -110.0559 -46.69069
-71.37621 8.973406 -80.35105
-57.05422 42.21145 -45.26308
-100.7762 13.01502 19.94305
45.30853 11.81405 3.544798
43.24671 102.9659 -21.63325
-89.76091 -51.37574 72.00709
12.93973 72.64324 83.06119
3.438066 60.8781 -25.79542
3.198961 103.7222 -32.89635
7.910299 -122.2167 -41.79596
-17.84756 82.85953 -6.630382
53.63379 40.34225 17.56785
-53.16269 17.49189 84.69216
-80.16367 36.2311 -49.71025
-108.1709 91.44199 -31.62177
49.22496 36.402 0.6229138
34.65491 16.644 -65.17699
107.8519 21.26563 28.57924
11.42729 -10.45137 -109.8493
91.67241 12.56175 26.12331
-46.05687 -46.4129 41.25147
1.611211 48.70518 -44.93848
-41.70234 -76.93904 -88.35312
72.37076 -65.08174 10.90406
84.73721 67.81052 61.4249
-116.0937 2.208232 -9.872025
-42.93459 -104.5218 -21.39409
-0.08832923 64.72979 -4.80586
-106.975 -62.04961 15.83507
-33.14695 -113.1162 27.90554
19.22506 37.0937 51.51804
42.28751 -11.42151 89.62299
53.02727 -28.05017 115.2054
-107.8333 -63.20016 11.38223
-20.84836 -116.8742 -62.5738
-65.25865 102.425 -48.87805
-35.23487 31.97015 -97.59121
-6.801317 0.6442098 42.42574
-33.57967 71.54414 -30.47618
58.79187 83.44556 14.87745
-73.22122 -19.46327 112.6538
-107.3298 1.788017 -64.67036
-23.69633 -40.67358 -111.8481
50.17595 2.059624 -45.08308
-51.07663 -11.2069 -92.4883
-97.13379 47.61086 -64.38364
-10.74818 -4.028031 46.11761
13.50206 -114.9407 -2.199752
-22.36188 -9.989009 34.9403
33.95903 17.59179 86.71534
4.888026 11.22452 -55.42373
36.89239 0.705173 -68.51118
-76.6936 -73.05886 22.55456
-11.94921 -98.84549 8.137415
34.91022 87.47716 75.33535
-61.83833 -113.4766 53.18264
-1.362436 -20.68198 70.18642
-41.15656 92.50121 -87.39767
-56.02878 -62.15483 33.41977
-39.34792 -2.895472 116.668
-54.97519 6.54517 26.49585
-9.449594 -62.43053 -105.1836
-31.19818 -39.83472 -105.6716
-75.36287 -103.0486 19.74313
23.86795 72.54414 -82.85712
-13.71814 -124.2888 13.78352
-69.10313 -6.083674 18.96453
92.42492 -23.38437 -19.4661
1.408812 -10.78454 99.29989
43.91417 89.73475 44.14745
-0.4954486 32.09782 53.4989
62.98061 16.57218 4.109359
-45.17419 93.12511 68.98553
63.90178 19.62553 113.1839
92.44767 84.66435 -58.94048
-57.66166 -86.52329 67.33852
-9.913697 -127.9073 -2.070515
-36.98351 -12.97577 -97.7164
76.99417 58.17454 74.39552
-35.57162 117.015 39.94207
-116.6276 -37.1838 -50.70462
-8.309896 -123.8012 26.75493
1.813313 -8.698328 -15.87353
-111.1144 40.74842 -32.87549
18.49877 -104.4633 -74.08257
68.4431 97.55374 -32.81314
-14.70882 -46.48406 29.28575
-66.28411 -22.99726 28.05781
97.63775 46.88686 -23.16557
79.99236 -39.26089 35.1416
52.09597 -6.012144 115.8532
21.12137 -104.1794 -36.91027
0.212255 97.53069 40.68066
11.77681 28.15611 33.23323
41.23071 17.34335 120.8111
50.74425 -40.77571 -87.8567
88.2243 -6.072953 -71.41902
-122.9932 40.85396 -13.10568
-40.34064 87.52991 15.54103
36.48022 105.4736 -67.77825
87.24992 40.39112 -100.3732
84.59517 -2.536382 -97.59534
-18.41056 -137.8863 4.967335
53.7951 -91.85583 -60.13525
-51.48996 68.80894 26.58908
40.87016 -38.98586 23.49992
62.40517 6.491102 -0.9290735
-37.92918 -112.1151 35.04376
-2.763129 61.32947 100.2252
-46.75758 -57.76058 33.47851
-0.6230075 21.44653 72.00881
27.01854 98.96571 54.77047
16.18188 -31.86079 114.0319
0.045899 -51.61801 -108.8534
11.74291 -8.479666 88.05257
-101.1059 -70.7425 6.752324
8.368603 -36.42607 129.577
-61.05927 -117.0031 13.29502
-6.870676 96.98658 -52.45622
44.79821 -104.4797 -57.34395
56.58768 -13.05376 -109.1197
1.24181 -75.63965 88.99974
-45.55214 -120.6758 -16.01401
77.12952 -13.85661 -67.53116
-63.98587 -20.65649 14.88184
-120.0184 42.25585 -52.70478
-22.56618 -32.37916 -63.73498
76.89413 -32.60371 -10.39814
39.93059 -34.87402 30.30025
-5.244419 -82.86188 75.08658
-26.82345 85.61131 -40.26676
-113.1539 56.97614 -42.28957
-5.559239 -79.57844 -97.84361
-51.04733 25.96937 -25.39509
-109.394 62.57724 3.065279
-19.05075 -129.6121 -28.60928
-36.48823 -8.151389 -14.00721
-19.60441 -24.654 -3.559534
-46.41552 99.28194 68.6228
-71.99594 -7.083755 -62.44217
90.50451 -25.02397 -89.91267
25.43548 -113.4917 -37.53516
-31.69353 -9.392067 91.26346
84.32617 36.41974 -63.43592
-25.57363 -95.3345 59.9299
12.69217 -116.5619 12.99196
15.8861 -105.4121 -34.06546
92.30273 6.95839 -63.71128
-41.14458 -94.57294 25.74347
-26.1627 -58.88653 100.6327
-34.88863 32.82456 25.49582
-110.6737 22.0394 -55.64021
-63.68772 -6.947394 -10.46739
92.36194 39.45615 -77.4004
-129.592 -0.2926773 -4.345745
-102.832 -25.57088 21.19514
-28.17343 76.9287 -83.3959
71.11114 5.841382 73.64222
-97.88341 61.74501 -30.97644
6.336703 0.9246343 142.8938
26.19801 -36.36076 117.2064
-39.62566 -24.8722 -79.63371
78.77716 -28.83621 9.168466
-119.1147 12.61758 -50.11305
-92.29729 62.22613 -61.96373
74.97702 14.94654 -70.24586
-3.67173 -34.46487 31.68777
-59.92815 -114.4028 48.34793
-43.53183 40.14225 -100.4843
55.40054 87.22291 56.27273
-41.35951 -67.55566 -90.55307
-21.75279 -119.3269 63.95816
21.07978 -37.80914 128.8551
-18.16075 105.1786 66.43314
75.08038 39.94474 -108.5962
18.89245 -57.23208 -8.820275
18.16877 -64.0747 -119.5479
48.16685 -37.80661 77.44387
-106.8735 -47.74853 57.01902
-3.801306 42.92489 56.36278
-12.40068 -59.46155 -93.01562
46.73566 67.51524 -40.57782
-51.85017 12.5858 34.97934
-116.3634 -43.82203 -10.63727
84.01765 -49.57172 12.07114
-8.791232 -22.72904 -23.01226
-15.50547 4.570261 19.95671
-14.14849 -93.04186 92.81866
-32.91241 -18.97041 -90.44004
-64.93071 -97.77419 -34.33173
-129.7566 43.39647 -2.735742
-61.76333 45.45373 -64.95083
-90.9036 74.95805 20.71343
14.19157 48.44166 -16.52061
-80.97122 87.91188 13.17013
-129.1392 41.90656 -23.15386
10.95835 25.17875 108.3631
59.12605 -41.31881 81.32672
72.01002 -51.79534 -11.43614
-50.20999 19.86843 31.0412
80.34653 74.79648 -13.49767
-9.561497 66.64489 58.43421
54.07161 -5.917217 51.44062
21.46285 -11.5502 92.10754
93.63476 -6.974933 27.73757
48.35218 -30.62022 41.61433
52.44233 -9.822734 -87.85496
-19.64017 -39.59003 -108.1131
39.08402 -84.73628 23.66708
-37.31122 11.67516 46.31516
-51.47947 -5.102138 -72.74392
31.34004 -46.73516 -111.1747
72.48077 101.4498 35.51515
10.65493 69.05905 -13.86095
6.552639 -118.0502 -45.74989
40.30401 -16.85751 -126.6145
-38.75288 -107.7255 25.15815
-95.88755 27.59353 -55.55201
6.840056 33.19183 -51.01843
-101.6857 36.63609 -68.34673
37.89751 84.52231 -70.29271
-33.01072 -20.15355 -77.58371
-54.19213 -25.01673 80.7282
32.26744 -10.34322 -122.155
-108.0448 -44.23922 11.15019
-10.06474 -127.5626 18.71738
-8.176059 -51.38583 125.8967
73.69336 26.1153 -109.4654
-124.1722 -11.1676 10.33396
-60.60062 -7.590357 -30.61504
-8.917426 76.13755 55.9453
44.41172 -3.065343 104.427
-16.99924 -13.82124 137.9981
45.47751 82.39366 116.6197
58.36958 8.517802 -105.2548
50.7333 102.4906 -77.80397
-62.87052 117.0855 47.44838
-33.40922 -27.60205 -23.15691
-58.48875 8.289621 -75.87936
112.9091 23.83212 6.17037
-13.01663 99.65402 -51.1944
38.72095 -25.58388 110.6737
-65.71085 26.58297 -3.769083
81.11795 49.97596 15.78432
59.32753 -9.220518 59.37841
-36.96019 46.15848 -45.22769
18.42456 -96.08045 24.05257
17.85196 -31.98029 -118.3804
52.74453 -1.422664 -97.92387
12.24942 -123.0581 -60.24715
-24.47412 -51.73278 -61.02167
-101.6759 -26.42019 -14.98297
-54.37885 -10.08014 -92.68938
74.49109 -1.363616 -95.79207
52.8922 -88.1827 -36.53984
-63.30527 -27.56139 98.99148
56.20297 86.49546 48.57393
45.40057 111.841 -0.1590806
56.94683 13.17608 -126.2643
-8.475607 -97.56129 -66.03197
-83.5006 88.36011 -44.81411
-1.514338 2.834012 61.82697
-51.78785 -67.76897 -47.64028
58.10691 77.39725 113.9384
8.290133 -32.70789 -95.975
23.17679 104.9023 8.842746
-73.20682 -1.821665 58.13036
55.43202 15.14552 61.23381
-97.49187 0.4835794 6.949801
106.5561 18.64588 -6.941336
14.4817 -14.24938 -41.5378
-35.43045 104.4761 -49.5725
103.2458 -5.641476 60.31297
32.41916 4.715136 12.71041
-94.1039 73.2663 -52.98486
-10.32645 -11.53163 13.15606
-51.56931 -3.462466 -26.11502
-9.436523 -49.88242 -67.5549
-86.56895 -14.75124 18.8613
-6.881048 -118.3655 11.63724
-1.593037 69.87183 -10.7758
-87.95608 -32.87601 92.38321
-8.137296 -96.32399 41.13741
-0.6279621 92.24144 21.16026
-66.82621 49.38046 -74.36087
40.80394 9.56028 -9.560342
101.1516 -6.613328 24.1139
-72.78883 -56.242 49.66476
31.61013 -43.53367 110.6171
-39.67953 84.3494 73.01277
91.87494 29.94063 -74.6667
34.93917 36.75821 134.7981
59.53926 4.570028 -124.4272
-46.38654 96.07594 -30.94198
-116.5805 1.184316 17.28682
-106.403 -28.8385 29.96943
11.07234 59.21846 -110.5714
28.69154 -28.44172 -124.2872
82.09005 59.63785 79.21464
45.94228 -89.31248 21.66238
-64.05067 -33.44303 28.07418
-15.36012 -61.24466 -30.43427
89.27917 -46.7034 -30.06095
-37.55211 -7.377684 -75.18124
-69.31889 86.2945 -67.58849
82.52204 -6.311025 -66.52778
73.73847 -10.2694 -53.96799
-65.17123 98.93953 -61.51141
-46.61093 86.71607 -20.09038
-5.818862 -34.00255 101.4205
-83.29777 -72.5817 76.06042
-120.9448 8.559169 12.62432
43.38987 -115.7761 -22.01939
18.94303 -46.97684 1.295329
44.38061 13.05961 111.2318
-63.5657 120.1682 27.50968
31.92245 -27.35206 67.08401
-58.68198 -63.28629 36.28927
-45.51657 52.49278 -30.98877
108.5111 31.50489 36.26506
-25.77846 57.50629 30.9904
38.88285 -102.6112 -44.12239
90.58382 34.5024 -50.48449
30.69734 52.8599 -118.5553
24.35987 -5.159476 141.4317
-66.29733 -109.6558 43.83621
29.51932 -75.71804 -52.9841
-64.8506 -8.301333 23.22641
-33.59711 -57.93745 118.4357
-113.4585 11.61782 -53.76849
106.1596 11.57699 21.36541
13.85889 63.70104 -109.6223
-38.63104 56.41359 -97.38032
84.71438 14.2428 -103.5607
17.20676 48.35556 28.5974
97.94967 -30.93333 -45.72867
36.91407 -32.48002 25.36911
36.08616 99.36568 -63.00536
-97.20271 -28.97366 -71.49267
-62.40456 0.3481643 -71.07427
34.13091 -30.99926 84.43261
-48.16455 29.87804 -44.43526
-20.6276 55.16042 -97.48893
37.59697 -33.77647 -133.984
26.99323 -41.09781 120.6059
-22.80729 2.522826 48.64574
44.09987 -6.486739 115.6846
9.239987 30.42253 75.35647
52.45935 105.2632 29.17424
14.71671 15.59286 -130.6771
59.52312 -108.7874 -58.81508
-95.65335 -28.79056 63.62764
1.349495 -38.4106 30.56657
-45.85854 -116.8102 -20.32111
-61.63833 102.8092 45.80524
-110.6961 52.95608 5.809509
46.74305 99.45174 -81.83231
74.62735 -85.35904 15.66634
-119.3783 1.598652 -50.26812
-46.97927 -63.87677 -77.28335
36.56183 41.96165 33.65776
25.74467 94.58951 -69.1757
-7.638847 -65.41534 -91.41451
-34.46361 94.9197 42.46615
-13.7851 -86.18944 100.0846
63.96873 -56.03023 -73.00853
40.8184 -120.0857 -33.26802
-107.9935 59.54434 13.33382
87.85895 89.81326 -7.046454
46.85847 -1.308502 -126.3873
2.077904 -38.69676 59.64531
101.1112 68.62779 -37.82228
-115.9682 -30.15203 -19.50601
-87.2485 -42.63256 86.98479
-76.97608 79.73578 8.328723
-54.15806 -99.19074 -77.92918
56.49238 -108.5303 -3.003229
-47.33124 -10.47903 71.18372
106.3194 5.773808 16.48435
-61.33402 -24.97326 83.5603
82.47405 5.607293 38.27333
-68.26035 -46.70165 69.21017
-23.16853 92.67899 73.82747
87.89982 -14.33151 -10.71342
15.4842 41.51071 121.8182
-110.089 26.55388 -63.14113
75.51114 -0.2392726 67.85837
63.79428 29.74579 108.1764
26.79314 -12.27428 132.8446
92.51835 -19.04988 -69.66943
55.8028 -41.79106 85.07384
6.425313 90.16718 18.64711
-47.8511 -61.64249 88.07383
49.61734 60.05021 -107.301
-31.84941 -1.67007 23.57726
-55.53556 -115.8565 60.37818
-96.87874 -23.8305 34.66522
8.419835 -26.21491 129.8984
1.253415 26.63048 33.20457
58.54489 -10.20652 107.6765
-35.82952 10.14301 28.74311
47.97824 16.04071 -29.50318
-25.83257 -16.93517 -127.5606
-7.141731 -54.5244 -98.00791
-50.95643 -59.51753 -22.74258
44.15046 -7.72516 -3.503699
-60.19461 -20.60396 -62.28533
4.514148 47.08038 -111.4098
-89.73096 19.5287 -11.25552
-50.09293 -48.23119 37.6301
90.99721 18.81123 43.14364
62.79641 -11.70102 97.59602
29.6299 44.20433 40.15728
58.46563 -101.9923 -33.81805
-80.52629 -8.387719 -50.09938
-35.57071 -4.471833 121.314
76.94401 -49.12661 -5.906636
59.32617 0.7700384 -89.55759
-47.06336 -43.62845 108.8158
17.1014 -121.9533 -11.11892
76.9292 48.69444 -53.85782
-18.45857 -92.88842 -54.18159
-20.82339 -77.34197 73.47963
-31.56074 -13.93024 35.18259
6.412446 -116.2567 24.54625
1.381988 95.7495 61.34454
50.97151 72.43803 113.0424
-33.69555 -9.602055 27.34199
87.35748 -10.96331 -80.11196
93.54376 47.22467 -85.56648
-44.88881 19.62198 77.5566
-14.32758 10.80665 131.5804
88.13107 -12.57087 -3.597451
41.25626 -32.81126 121.3079
40.97865 -60.04026 -75.38586
93.92622 -7.93543 -56.51762
-74.82782 -60.80803 -18.61572
41.533 16.39855 -24.25289
94.73081 56.40135 -45.36385
-67.97891 83.37035 40.26686
55.64193 -26.56171 74.16533
-74.85835 103.9575 35.99143
-71.46235 -79.64989 83.87449
82.02785 48.6167 96.90192
80.19711 55.25891 -93.22183
-31.27384 41.38501 -35.46238
-37.19958 -41.33139 -75.30424
-33.74289 -114.0729 53.87737
-41.22783 94.98289 34.8965
91.21925 24.56458 25.527
61.98359 1.481281 -40.8718
86.14223 -51.86285 -31.22174
85.78909 55.99615 -48.11927
-14.10219 92.06279 20.05885